Po,1.00E+06,Pa,,Tw,540,K,,Ex_1,0.166666667,,,,,
To,300,K,,Ti,500,K,,Ex_2,0.5625,,,,,
R_air,287.7,J/kg-K,,g,9.81,,,Ex_3,0.296296296,,,,,
do,0.02,m,,,,,,C_1,0.6,,,,,
di,0.01,m,,k,2.63E-02,,,C_2,0.387,,,,,
rhoo,11.58614297,,,cp,1007,,,C_3,0.559,,,,,
m,0.002729921,,,visc,1.85E-05,,,C_4,1.204988454,,,,,
,,,,Pr,0.706814449,,,,,,,,,
dt,0.01,s,,,,,,,,,,,,
,,,,,,,,,,,,,,
,,,,,,,,,,,,,,
,,,,,,,,Film  Properties,,,,,,Bulk Properties
Time,Tc,Tf,Pc,Ra_d,Nu_d,h,dT/dt,rho ,beta,k,cp,visc,Pr,cp
0,500.000,520.000,1666666.667,1.943E+05,9.267E+00,2.437E+01,1.114E+01,11.14052209,0.001923077,0.0263,1007,0.00001846,0.706814449,1007
0.01,500.111,520.056,1667038.024,1.937E+05,9.260E+00,2.435E+01,1.110E+01,11.14181082,0.001922871,0.0263,1007,0.00001846,0.706814449,1007
0.02,500.222,520.111,1667408.082,1.932E+05,9.254E+00,2.434E+01,1.106E+01,11.14309477,0.001922666,0.0263,1007,0.00001846,0.706814449,1007
0.03,500.333,520.167,1667776.848,1.927E+05,9.247E+00,2.432E+01,1.102E+01,11.14437396,0.001922461,0.0263,1007,0.00001846,0.706814449,1007
0.04,500.443,520.222,1668144.327,1.922E+05,9.240E+00,2.430E+01,1.099E+01,11.14564842,0.001922258,0.0263,1007,0.00001846,0.706814449,1007
0.05,500.553,520.277,1668510.523,1.917E+05,9.234E+00,2.428E+01,1.095E+01,11.14691816,0.001922055,0.0263,1007,0.00001846,0.706814449,1007
0.06,500.663,520.331,1668875.443,1.912E+05,9.227E+00,2.427E+01,1.091E+01,11.14818321,0.001921852,0.0263,1007,0.00001846,0.706814449,1007
0.07,500.772,520.386,1669239.091,1.907E+05,9.221E+00,2.425E+01,1.087E+01,11.14944359,0.001921651,0.0263,1007,0.00001846,0.706814449,1007
0.08,500.880,520.440,1669601.473,1.902E+05,9.214E+00,2.423E+01,1.083E+01,11.15069931,0.00192145,0.0263,1007,0.00001846,0.706814449,1007
0.09,500.989,520.494,1669962.595,1.897E+05,9.208E+00,2.422E+01,1.080E+01,11.15195041,0.00192125,0.0263,1007,0.00001846,0.706814449,1007
0.1,501.097,520.548,1670322.461,1.892E+05,9.201E+00,2.420E+01,1.076E+01,11.15319689,0.001921051,0.0263,1007,0.00001846,0.706814449,1007
0.11,501.204,520.602,1670681.077,1.887E+05,9.195E+00,2.418E+01,1.072E+01,11.15443879,0.001920853,0.0263,1007,0.00001846,0.706814449,1007
0.12,501.312,520.656,1671038.448,1.882E+05,9.188E+00,2.416E+01,1.068E+01,11.15567612,0.001920655,0.0263,1007,0.00001846,0.706814449,1007
0.13,501.418,520.709,1671394.579,1.877E+05,9.182E+00,2.415E+01,1.065E+01,11.15690891,0.001920458,0.0263,1007,0.00001846,0.706814449,1007
0.14,501.525,520.762,1671749.475,1.872E+05,9.175E+00,2.413E+01,1.061E+01,11.15813717,0.001920261,0.0263,1007,0.00001846,0.706814449,1007
0.15,501.631,520.815,1672103.141,1.867E+05,9.169E+00,2.411E+01,1.057E+01,11.15936093,0.001920066,0.0263,1007,0.00001846,0.706814449,1007
0.16,501.737,520.868,1672455.584,1.862E+05,9.162E+00,2.410E+01,1.054E+01,11.1605802,0.001919871,0.0263,1007,0.00001846,0.706814449,1007
0.17,501.842,520.921,1672806.807,1.857E+05,9.156E+00,2.408E+01,1.050E+01,11.161795,0.001919677,0.0263,1007,0.00001846,0.706814449,1007
0.18,501.947,520.974,1673156.815,1.852E+05,9.149E+00,2.406E+01,1.046E+01,11.16300536,0.001919483,0.0263,1007,0.00001846,0.706814449,1007
0.19,502.052,521.026,1673505.614,1.847E+05,9.143E+00,2.405E+01,1.043E+01,11.1642113,0.001919291,0.0263,1007,0.00001846,0.706814449,1007
0.2,502.156,521.078,1673853.21,1.842E+05,9.136E+00,2.403E+01,1.039E+01,11.16541283,0.001919099,0.0263,1007,0.00001846,0.706814449,1007
0.21,502.260,521.130,1674199.605,1.837E+05,9.130E+00,2.401E+01,1.036E+01,11.16660998,0.001918907,0.0263,1007,0.00001846,0.706814449,1007
0.22,502.363,521.182,1674544.807,1.833E+05,9.123E+00,2.399E+01,1.032E+01,11.16780276,0.001918717,0.0263,1007,0.00001846,0.706814449,1007
0.23,502.467,521.233,1674888.819,1.828E+05,9.117E+00,2.398E+01,1.028E+01,11.1689912,0.001918527,0.0263,1007,0.00001846,0.706814449,1007
0.24,502.569,521.285,1675231.647,1.823E+05,9.111E+00,2.396E+01,1.025E+01,11.17017531,0.001918337,0.0263,1007,0.00001846,0.706814449,1007
0.25,502.672,521.336,1675573.295,1.818E+05,9.104E+00,2.394E+01,1.021E+01,11.17135512,0.001918149,0.0263,1007,0.00001846,0.706814449,1007
0.26,502.774,521.387,1675913.769,1.813E+05,9.098E+00,2.393E+01,1.018E+01,11.17253064,0.001917961,0.0263,1007,0.00001846,0.706814449,1007
0.27,502.876,521.438,1676253.072,1.809E+05,9.091E+00,2.391E+01,1.014E+01,11.17370189,0.001917774,0.0263,1007,0.00001846,0.706814449,1007
0.28,502.977,521.489,1676591.211,1.804E+05,9.085E+00,2.389E+01,1.011E+01,11.17486889,0.001917587,0.0263,1007,0.00001846,0.706814449,1007
0.29,503.078,521.539,1676928.19,1.799E+05,9.079E+00,2.388E+01,1.007E+01,11.17603166,0.001917401,0.0263,1007,0.00001846,0.706814449,1007
0.3,503.179,521.590,1677264.013,1.794E+05,9.072E+00,2.386E+01,1.004E+01,11.17719022,0.001917216,0.0263,1007,0.00001846,0.706814449,1007
0.31,503.280,521.640,1677598.685,1.790E+05,9.066E+00,2.384E+01,1.001E+01,11.17834459,0.001917032,0.0263,1007,0.00001846,0.706814449,1007
0.32,503.380,521.690,1677932.212,1.785E+05,9.060E+00,2.383E+01,9.972E+00,11.17949478,0.001916848,0.0263,1007,0.00001846,0.706814449,1007
0.33,503.479,521.740,1678264.597,1.780E+05,9.053E+00,2.381E+01,9.937E+00,11.18064082,0.001916665,0.0263,1007,0.00001846,0.706814449,1007
0.34,503.579,521.789,1678595.846,1.776E+05,9.047E+00,2.379E+01,9.904E+00,11.18178272,0.001916482,0.0263,1007,0.00001846,0.706814449,1007
0.35,503.678,521.839,1678925.963,1.771E+05,9.041E+00,2.378E+01,9.870E+00,11.18292051,0.0019163,0.0263,1007,0.00001846,0.706814449,1007
0.36,503.776,521.888,1679254.953,1.767E+05,9.034E+00,2.376E+01,9.836E+00,11.18405419,0.001916119,0.0263,1007,0.00001846,0.706814449,1007
0.37,503.875,521.937,1679582.82,1.762E+05,9.028E+00,2.374E+01,9.802E+00,11.1851838,0.001915938,0.0263,1007,0.00001846,0.706814449,1007
0.38,503.973,521.986,1679909.57,1.757E+05,9.022E+00,2.373E+01,9.769E+00,11.18630934,0.001915759,0.0263,1007,0.00001846,0.706814449,1007
0.39,504.071,522.035,1680235.205,1.753E+05,9.016E+00,2.371E+01,9.736E+00,11.18743083,0.001915579,0.0263,1007,0.00001846,0.706814449,1007
0.4,504.168,522.084,1680559.732,1.748E+05,9.009E+00,2.369E+01,9.703E+00,11.1885483,0.001915401,0.0263,1007,0.00001846,0.706814449,1007
0.41,504.265,522.132,1680883.155,1.744E+05,9.003E+00,2.368E+01,9.670E+00,11.18966175,0.001915223,0.0263,1007,0.00001846,0.706814449,1007
0.42,504.362,522.181,1681205.478,1.739E+05,8.997E+00,2.366E+01,9.637E+00,11.19077122,0.001915045,0.0263,1007,0.00001846,0.706814449,1007
0.43,504.458,522.229,1681526.705,1.735E+05,8.991E+00,2.365E+01,9.604E+00,11.19187671,0.001914869,0.0263,1007,0.00001846,0.706814449,1007
0.44,504.554,522.277,1681846.842,1.730E+05,8.984E+00,2.363E+01,9.572E+00,11.19297824,0.001914693,0.0263,1007,0.00001846,0.706814449,1007
0.45,504.650,522.325,1682165.892,1.726E+05,8.978E+00,2.361E+01,9.539E+00,11.19407583,0.001914517,0.0263,1007,0.00001846,0.706814449,1007
0.46,504.745,522.373,1682483.861,1.721E+05,8.972E+00,2.360E+01,9.507E+00,11.19516951,0.001914342,0.0263,1007,0.00001846,0.706814449,1007
0.47,504.840,522.420,1682800.751,1.717E+05,8.966E+00,2.358E+01,9.475E+00,11.19625927,0.001914168,0.0263,1007,0.00001846,0.706814449,1007
0.48,504.935,522.467,1683116.569,1.712E+05,8.960E+00,2.356E+01,9.442E+00,11.19734515,0.001913995,0.0263,1007,0.00001846,0.706814449,1007
0.49,505.029,522.515,1683431.318,1.708E+05,8.953E+00,2.355E+01,9.411E+00,11.19842716,0.001913822,0.0263,1007,0.00001846,0.706814449,1007
0.5,505.124,522.562,1683745.002,1.703E+05,8.947E+00,2.353E+01,9.379E+00,11.19950531,0.001913649,0.0263,1007,0.00001846,0.706814449,1007
0.51,505.217,522.609,1684057.626,1.699E+05,8.941E+00,2.351E+01,9.347E+00,11.20057963,0.001913478,0.0263,1007,0.00001846,0.706814449,1007
0.52,505.311,522.655,1684369.195,1.695E+05,8.935E+00,2.350E+01,9.316E+00,11.20165012,0.001913307,0.0263,1007,0.00001846,0.706814449,1007
0.53,505.404,522.702,1684679.711,1.690E+05,8.929E+00,2.348E+01,9.284E+00,11.20271682,0.001913136,0.0263,1007,0.00001846,0.706814449,1007
0.54,505.497,522.748,1684989.181,1.686E+05,8.923E+00,2.347E+01,9.253E+00,11.20377972,0.001912966,0.0263,1007,0.00001846,0.706814449,1007
0.55,505.589,522.795,1685297.607,1.681E+05,8.916E+00,2.345E+01,9.222E+00,11.20483886,0.001912797,0.0263,1007,0.00001846,0.706814449,1007
0.56,505.681,522.841,1685604.995,1.677E+05,8.910E+00,2.343E+01,9.191E+00,11.20589424,0.001912628,0.0263,1007,0.00001846,0.706814449,1007
0.57,505.773,522.887,1685911.348,1.673E+05,8.904E+00,2.342E+01,9.160E+00,11.20694588,0.00191246,0.0263,1007,0.00001846,0.706814449,1007
0.58,505.865,522.933,1686216.671,1.668E+05,8.898E+00,2.340E+01,9.129E+00,11.20799381,0.001912293,0.0263,1007,0.00001846,0.706814449,1007
0.59,505.956,522.978,1686520.967,1.664E+05,8.892E+00,2.339E+01,9.098E+00,11.20903803,0.001912126,0.0263,1007,0.00001846,0.706814449,1007
0.6,506.047,523.024,1686824.241,1.660E+05,8.886E+00,2.337E+01,9.068E+00,11.21007856,0.001911959,0.0263,1007,0.00001846,0.706814449,1007
0.61,506.138,523.069,1687126.497,1.656E+05,8.880E+00,2.335E+01,9.037E+00,11.21111541,0.001911794,0.0263,1007,0.00001846,0.706814449,1007
0.62,506.228,523.114,1687427.74,1.651E+05,8.874E+00,2.334E+01,9.007E+00,11.21214861,0.001911629,0.0263,1007,0.00001846,0.706814449,1007
0.63,506.318,523.159,1687727.972,1.647E+05,8.868E+00,2.332E+01,8.977E+00,11.21317817,0.001911464,0.0263,1007,0.00001846,0.706814449,1007
0.64,506.408,523.204,1688027.199,1.643E+05,8.861E+00,2.331E+01,8.947E+00,11.21420411,0.0019113,0.0263,1007,0.00001846,0.706814449,1007
0.65,506.498,523.249,1688325.424,1.639E+05,8.855E+00,2.329E+01,8.917E+00,11.21522643,0.001911137,0.0263,1007,0.00001846,0.706814449,1007
0.66,506.587,523.293,1688622.651,1.634E+05,8.849E+00,2.327E+01,8.887E+00,11.21624516,0.001910974,0.0263,1007,0.00001846,0.706814449,1007
0.67,506.676,523.338,1688918.885,1.630E+05,8.843E+00,2.326E+01,8.857E+00,11.21726031,0.001910812,0.0263,1007,0.00001846,0.706814449,1007
0.68,506.764,523.382,1689214.129,1.626E+05,8.837E+00,2.324E+01,8.828E+00,11.2182719,0.00191065,0.0263,1007,0.00001846,0.706814449,1007
0.69,506.853,523.426,1689508.388,1.622E+05,8.831E+00,2.323E+01,8.798E+00,11.21927994,0.001910489,0.0263,1007,0.00001846,0.706814449,1007
0.7,506.940,523.470,1689801.665,1.618E+05,8.825E+00,2.321E+01,8.769E+00,11.22028445,0.001910328,0.0263,1007,0.00001846,0.706814449,1007
0.71,507.028,523.514,1690093.964,1.614E+05,8.819E+00,2.319E+01,8.740E+00,11.22128545,0.001910168,0.0263,1007,0.00001846,0.706814449,1007
0.72,507.116,523.558,1690385.289,1.610E+05,8.813E+00,2.318E+01,8.711E+00,11.22228294,0.001910009,0.0263,1007,0.00001846,0.706814449,1007
0.73,507.203,523.601,1690675.644,1.605E+05,8.807E+00,2.316E+01,8.682E+00,11.22327694,0.00190985,0.0263,1007,0.00001846,0.706814449,1007
0.74,507.290,523.645,1690965.033,1.601E+05,8.801E+00,2.315E+01,8.653E+00,11.22426747,0.001909692,0.0263,1007,0.00001846,0.706814449,1007
0.75,507.376,523.688,1691253.46,1.597E+05,8.795E+00,2.313E+01,8.624E+00,11.22525455,0.001909534,0.0263,1007,0.00001846,0.706814449,1007
0.76,507.462,523.731,1691540.928,1.593E+05,8.789E+00,2.312E+01,8.595E+00,11.22623818,0.001909377,0.0263,1007,0.00001846,0.706814449,1007
0.77,507.548,523.774,1691827.442,1.589E+05,8.783E+00,2.310E+01,8.567E+00,11.22721839,0.00190922,0.0263,1007,0.00001846,0.706814449,1007
0.78,507.634,523.817,1692113.005,1.585E+05,8.777E+00,2.308E+01,8.538E+00,11.22819518,0.001909064,0.0263,1007,0.00001846,0.706814449,1007
0.79,507.719,523.860,1692397.621,1.581E+05,8.771E+00,2.307E+01,8.510E+00,11.22916857,0.001908908,0.0263,1007,0.00001846,0.706814449,1007
0.8,507.804,523.902,1692681.294,1.577E+05,8.765E+00,2.305E+01,8.482E+00,11.23013858,0.001908753,0.0263,1007,0.00001846,0.706814449,1007
0.81,507.889,523.945,1692964.028,1.573E+05,8.760E+00,2.304E+01,8.454E+00,11.23110523,0.001908599,0.0263,1007,0.00001846,0.706814449,1007
0.82,507.974,523.987,1693245.826,1.569E+05,8.754E+00,2.302E+01,8.426E+00,11.23206851,0.001908445,0.0263,1007,0.00001846,0.706814449,1007
0.83,508.058,524.029,1693526.692,1.565E+05,8.748E+00,2.301E+01,8.398E+00,11.23302846,0.001908291,0.0263,1007,0.00001846,0.706814449,1007
0.84,508.142,524.071,1693806.63,1.561E+05,8.742E+00,2.299E+01,8.370E+00,11.23398508,0.001908138,0.0263,1007,0.00001846,0.706814449,1007
0.85,508.226,524.113,1694085.643,1.557E+05,8.736E+00,2.298E+01,8.343E+00,11.23493839,0.001907986,0.0263,1007,0.00001846,0.706814449,1007
0.86,508.309,524.155,1694363.735,1.553E+05,8.730E+00,2.296E+01,8.315E+00,11.2358884,0.001907834,0.0263,1007,0.00001846,0.706814449,1007
0.87,508.392,524.196,1694640.91,1.549E+05,8.724E+00,2.294E+01,8.288E+00,11.23683513,0.001907683,0.0263,1007,0.00001846,0.706814449,1007
0.88,508.475,524.238,1694917.172,1.545E+05,8.718E+00,2.293E+01,8.261E+00,11.23777859,0.001907532,0.0263,1007,0.00001846,0.706814449,1007
0.89,508.558,524.279,1695192.523,1.541E+05,8.712E+00,2.291E+01,8.233E+00,11.23871879,0.001907382,0.0263,1007,0.00001846,0.706814449,1007
0.9,508.640,524.320,1695466.968,1.537E+05,8.707E+00,2.290E+01,8.206E+00,11.23965575,0.001907232,0.0263,1007,0.00001846,0.706814449,1007
0.91,508.722,524.361,1695740.511,1.534E+05,8.701E+00,2.288E+01,8.179E+00,11.24058948,0.001907083,0.0263,1007,0.00001846,0.706814449,1007
0.92,508.804,524.402,1696013.154,1.530E+05,8.695E+00,2.287E+01,8.152E+00,11.24151999,0.001906934,0.0263,1007,0.00001846,0.706814449,1007
0.93,508.885,524.443,1696284.901,1.526E+05,8.689E+00,2.285E+01,8.126E+00,11.24244731,0.001906786,0.0263,1007,0.00001846,0.706814449,1007
0.94,508.967,524.483,1696555.757,1.522E+05,8.683E+00,2.284E+01,8.099E+00,11.24337144,0.001906638,0.0263,1007,0.00001846,0.706814449,1007
0.95,509.048,524.524,1696825.724,1.518E+05,8.677E+00,2.282E+01,8.072E+00,11.24429239,0.001906491,0.0263,1007,0.00001846,0.706814449,1007
0.96,509.128,524.564,1697094.806,1.514E+05,8.672E+00,2.281E+01,8.046E+00,11.24521018,0.001906344,0.0263,1007,0.00001846,0.706814449,1007
0.97,509.209,524.604,1697363.006,1.510E+05,8.666E+00,2.279E+01,8.020E+00,11.24612483,0.001906198,0.0263,1007,0.00001846,0.706814449,1007
0.98,509.289,524.645,1697630.328,1.507E+05,8.660E+00,2.278E+01,7.993E+00,11.24703634,0.001906052,0.0263,1007,0.00001846,0.706814449,1007
0.99,509.369,524.685,1697896.775,1.503E+05,8.654E+00,2.276E+01,7.967E+00,11.24794472,0.001905907,0.0263,1007,0.00001846,0.706814449,1007
1,509.449,524.724,1698162.351,1.499E+05,8.648E+00,2.275E+01,7.941E+00,11.24885001,0.001905763,0.0263,1007,0.00001846,0.706814449,1007
1.01,509.528,524.764,1698427.06,1.495E+05,8.643E+00,2.273E+01,7.915E+00,11.24975219,0.001905618,0.0263,1007,0.00001846,0.706814449,1007
1.02,509.607,524.804,1698690.904,1.492E+05,8.637E+00,2.271E+01,7.889E+00,11.2506513,0.001905475,0.0263,1007,0.00001846,0.706814449,1007
1.03,509.686,524.843,1698953.887,1.488E+05,8.631E+00,2.270E+01,7.864E+00,11.25154733,0.001905331,0.0263,1007,0.00001846,0.706814449,1007
1.04,509.765,524.882,1699216.012,1.484E+05,8.625E+00,2.268E+01,7.838E+00,11.25244031,0.001905189,0.0263,1007,0.00001846,0.706814449,1007
1.05,509.843,524.922,1699477.283,1.480E+05,8.620E+00,2.267E+01,7.813E+00,11.25333025,0.001905046,0.0263,1007,0.00001846,0.706814449,1007
1.06,509.921,524.961,1699737.703,1.477E+05,8.614E+00,2.265E+01,7.787E+00,11.25421715,0.001904905,0.0263,1007,0.00001846,0.706814449,1007
1.07,509.999,525.000,1699997.276,1.473E+05,8.608E+00,2.264E+01,7.762E+00,11.25510104,0.001904763,0.0263,1007,0.00001846,0.706814449,1007
1.08,510.077,525.038,1700256.005,1.469E+05,8.602E+00,2.262E+01,7.737E+00,11.25598192,0.001904623,0.0263,1007,0.00001846,0.706814449,1007
1.09,510.154,525.077,1700513.892,1.466E+05,8.597E+00,2.261E+01,7.711E+00,11.25685981,0.001904482,0.0263,1007,0.00001846,0.706814449,1007
1.1,510.231,525.116,1700770.942,1.462E+05,8.591E+00,2.259E+01,7.686E+00,11.25773472,0.001904342,0.0263,1007,0.00001846,0.706814449,1007
1.11,510.308,525.154,1701027.158,1.458E+05,8.585E+00,2.258E+01,7.662E+00,11.25860667,0.001904203,0.0263,1007,0.00001846,0.706814449,1007
1.12,510.385,525.192,1701282.542,1.455E+05,8.580E+00,2.256E+01,7.637E+00,11.25947565,0.001904064,0.0263,1007,0.00001846,0.706814449,1007
1.13,510.461,525.231,1701537.098,1.451E+05,8.574E+00,2.255E+01,7.612E+00,11.2603417,0.001903926,0.0263,1007,0.00001846,0.706814449,1007
1.14,510.537,525.269,1701790.83,1.447E+05,8.568E+00,2.253E+01,7.587E+00,11.26120481,0.001903788,0.0263,1007,0.00001846,0.706814449,1007
1.15,510.613,525.307,1702043.741,1.444E+05,8.563E+00,2.252E+01,7.563E+00,11.262065,0.00190365,0.0263,1007,0.00001846,0.706814449,1007
1.16,510.689,525.344,1702295.833,1.440E+05,8.557E+00,2.250E+01,7.538E+00,11.26292229,0.001903513,0.0263,1007,0.00001846,0.706814449,1007
1.17,510.764,525.382,1702547.11,1.437E+05,8.551E+00,2.249E+01,7.514E+00,11.26377668,0.001903377,0.0263,1007,0.00001846,0.706814449,1007
1.18,510.839,525.420,1702797.575,1.433E+05,8.546E+00,2.247E+01,7.490E+00,11.26462819,0.001903241,0.0263,1007,0.00001846,0.706814449,1007
1.19,510.914,525.457,1703047.232,1.429E+05,8.540E+00,2.246E+01,7.466E+00,11.26547683,0.001903105,0.0263,1007,0.00001846,0.706814449,1007
1.2,510.989,525.494,1703296.083,1.426E+05,8.534E+00,2.245E+01,7.441E+00,11.26632261,0.00190297,0.0263,1007,0.00001846,0.706814449,1007
1.21,511.063,525.532,1703544.131,1.422E+05,8.529E+00,2.243E+01,7.417E+00,11.26716555,0.001902835,0.0263,1007,0.00001846,0.706814449,1007
1.22,511.137,525.569,1703791.381,1.419E+05,8.523E+00,2.242E+01,7.394E+00,11.26800565,0.001902701,0.0263,1007,0.00001846,0.706814449,1007
1.23,511.211,525.606,1704037.834,1.415E+05,8.517E+00,2.240E+01,7.370E+00,11.26884292,0.001902567,0.0263,1007,0.00001846,0.706814449,1007
1.24,511.285,525.643,1704283.493,1.412E+05,8.512E+00,2.239E+01,7.346E+00,11.26967739,0.001902434,0.0263,1007,0.00001846,0.706814449,1007
1.25,511.359,525.679,1704528.363,1.408E+05,8.506E+00,2.237E+01,7.322E+00,11.27050905,0.001902301,0.0263,1007,0.00001846,0.706814449,1007
1.26,511.432,525.716,1704772.446,1.405E+05,8.501E+00,2.236E+01,7.299E+00,11.27133793,0.001902168,0.0263,1007,0.00001846,0.706814449,1007
1.27,511.505,525.752,1705015.745,1.401E+05,8.495E+00,2.234E+01,7.276E+00,11.27216402,0.001902036,0.0263,1007,0.00001846,0.706814449,1007
1.28,511.577,525.789,1705258.262,1.398E+05,8.489E+00,2.233E+01,7.252E+00,11.27298736,0.001901905,0.0263,1007,0.00001846,0.706814449,1007
1.29,511.650,525.825,1705500.002,1.394E+05,8.484E+00,2.231E+01,7.229E+00,11.27380793,0.001901773,0.0263,1007,0.00001846,0.706814449,1007
1.3,511.722,525.861,1705740.967,1.391E+05,8.478E+00,2.230E+01,7.206E+00,11.27462577,0.001901643,0.0263,1007,0.00001846,0.706814449,1007
1.31,511.794,525.897,1705981.16,1.387E+05,8.473E+00,2.228E+01,7.183E+00,11.27544087,0.001901512,0.0263,1007,0.00001846,0.706814449,1007
1.32,511.866,525.933,1706220.584,1.384E+05,8.467E+00,2.227E+01,7.160E+00,11.27625325,0.001901383,0.0263,1007,0.00001846,0.706814449,1007
1.33,511.938,525.969,1706459.242,1.381E+05,8.462E+00,2.225E+01,7.137E+00,11.27706293,0.001901253,0.0263,1007,0.00001846,0.706814449,1007
1.34,512.009,526.005,1706697.137,1.377E+05,8.456E+00,2.224E+01,7.114E+00,11.2778699,0.001901124,0.0263,1007,0.00001846,0.706814449,1007
1.35,512.080,526.040,1706934.272,1.374E+05,8.451E+00,2.223E+01,7.091E+00,11.27867419,0.001900996,0.0263,1007,0.00001846,0.706814449,1007
1.36,512.151,526.076,1707170.65,1.370E+05,8.445E+00,2.221E+01,7.069E+00,11.2794758,0.001900867,0.0263,1007,0.00001846,0.706814449,1007
1.37,512.222,526.111,1707406.274,1.367E+05,8.440E+00,2.220E+01,7.046E+00,11.28027474,0.00190074,0.0263,1007,0.00001846,0.706814449,1007
1.38,512.292,526.146,1707641.146,1.364E+05,8.434E+00,2.218E+01,7.024E+00,11.28107103,0.001900613,0.0263,1007,0.00001846,0.706814449,1007
1.39,512.363,526.181,1707875.269,1.360E+05,8.429E+00,2.217E+01,7.001E+00,11.28186468,0.001900486,0.0263,1007,0.00001846,0.706814449,1007
1.4,512.433,526.216,1708108.647,1.357E+05,8.423E+00,2.215E+01,6.979E+00,11.28265569,0.001900359,0.0263,1007,0.00001846,0.706814449,1007
1.41,512.502,526.251,1708341.282,1.354E+05,8.418E+00,2.214E+01,6.957E+00,11.28344408,0.001900233,0.0263,1007,0.00001846,0.706814449,1007
1.42,512.572,526.286,1708573.178,1.350E+05,8.412E+00,2.212E+01,6.935E+00,11.28422986,0.001900108,0.0263,1007,0.00001846,0.706814449,1007
1.43,512.641,526.321,1708804.336,1.347E+05,8.407E+00,2.211E+01,6.913E+00,11.28501304,0.001899982,0.0263,1007,0.00001846,0.706814449,1007
1.44,512.710,526.355,1709034.76,1.344E+05,8.401E+00,2.210E+01,6.891E+00,11.28579363,0.001899858,0.0263,1007,0.00001846,0.706814449,1007
1.45,512.779,526.390,1709264.452,1.340E+05,8.396E+00,2.208E+01,6.869E+00,11.28657164,0.001899733,0.0263,1007,0.00001846,0.706814449,1007
1.46,512.848,526.424,1709493.416,1.337E+05,8.390E+00,2.207E+01,6.847E+00,11.28734708,0.001899609,0.0263,1007,0.00001846,0.706814449,1007
1.47,512.916,526.458,1709721.654,1.334E+05,8.385E+00,2.205E+01,6.825E+00,11.28811996,0.001899486,0.0263,1007,0.00001846,0.706814449,1007
1.48,512.985,526.492,1709949.169,1.331E+05,8.380E+00,2.204E+01,6.804E+00,11.28889029,0.001899363,0.0263,1007,0.00001846,0.706814449,1007
1.49,513.053,526.526,1710175.963,1.327E+05,8.374E+00,2.202E+01,6.782E+00,11.28965808,0.00189924,0.0263,1007,0.00001846,0.706814449,1007
1.5,513.121,526.560,1710402.04,1.324E+05,8.369E+00,2.201E+01,6.761E+00,11.29042335,0.001899118,0.0263,1007,0.00001846,0.706814449,1007
1.51,513.188,526.594,1710627.402,1.321E+05,8.363E+00,2.200E+01,6.739E+00,11.2911861,0.001898996,0.0263,1007,0.00001846,0.706814449,1007
1.52,513.256,526.628,1710852.052,1.318E+05,8.358E+00,2.198E+01,6.718E+00,11.29194633,0.001898874,0.0263,1007,0.00001846,0.706814449,1007
1.53,513.323,526.661,1711075.992,1.314E+05,8.352E+00,2.197E+01,6.697E+00,11.29270408,0.001898753,0.0263,1007,0.00001846,0.706814449,1007
1.54,513.390,526.695,1711299.226,1.311E+05,8.347E+00,2.195E+01,6.676E+00,11.29345933,0.001898632,0.0263,1007,0.00001846,0.706814449,1007
1.55,513.457,526.728,1711521.756,1.308E+05,8.342E+00,2.194E+01,6.655E+00,11.29421211,0.001898512,0.0263,1007,0.00001846,0.706814449,1007
1.56,513.523,526.762,1711743.584,1.305E+05,8.336E+00,2.192E+01,6.634E+00,11.29496241,0.001898392,0.0263,1007,0.00001846,0.706814449,1007
1.57,513.589,526.795,1711964.713,1.302E+05,8.331E+00,2.191E+01,6.613E+00,11.29571027,0.001898273,0.0263,1007,0.00001846,0.706814449,1007
1.58,513.656,526.828,1712185.147,1.298E+05,8.326E+00,2.190E+01,6.592E+00,11.29645567,0.001898154,0.0263,1007,0.00001846,0.706814449,1007
1.59,513.721,526.861,1712404.887,1.295E+05,8.320E+00,2.188E+01,6.571E+00,11.29719863,0.001898035,0.0263,1007,0.00001846,0.706814449,1007
1.6,513.787,526.894,1712623.936,1.292E+05,8.315E+00,2.187E+01,6.551E+00,11.29793917,0.001897916,0.0263,1007,0.00001846,0.706814449,1007
1.61,513.853,526.926,1712842.297,1.289E+05,8.310E+00,2.185E+01,6.530E+00,11.29867729,0.001897798,0.0263,1007,0.00001846,0.706814449,1007
1.62,513.918,526.959,1713059.972,1.286E+05,8.304E+00,2.184E+01,6.510E+00,11.299413,0.001897681,0.0263,1007,0.00001846,0.706814449,1007
1.63,513.983,526.992,1713276.965,1.283E+05,8.299E+00,2.183E+01,6.489E+00,11.30014631,0.001897564,0.0263,1007,0.00001846,0.706814449,1007
1.64,514.048,527.024,1713493.277,1.280E+05,8.294E+00,2.181E+01,6.469E+00,11.30087723,0.001897447,0.0263,1007,0.00001846,0.706814449,1007
1.65,514.113,527.056,1713708.911,1.277E+05,8.288E+00,2.180E+01,6.449E+00,11.30160577,0.00189733,0.0263,1007,0.00001846,0.706814449,1007
1.66,514.177,527.089,1713923.87,1.273E+05,8.283E+00,2.178E+01,6.429E+00,11.30233194,0.001897214,0.0263,1007,0.00001846,0.706814449,1007
1.67,514.241,527.121,1714138.156,1.270E+05,8.278E+00,2.177E+01,6.408E+00,11.30305575,0.001897099,0.0263,1007,0.00001846,0.706814449,1007
1.68,514.306,527.153,1714351.772,1.267E+05,8.272E+00,2.176E+01,6.388E+00,11.30377721,0.001896983,0.0263,1007,0.00001846,0.706814449,1007
1.69,514.369,527.185,1714564.72,1.264E+05,8.267E+00,2.174E+01,6.368E+00,11.30449633,0.001896868,0.0263,1007,0.00001846,0.706814449,1007
1.7,514.433,527.217,1714777.003,1.261E+05,8.262E+00,2.173E+01,6.349E+00,11.30521311,0.001896754,0.0263,1007,0.00001846,0.706814449,1007
1.71,514.497,527.248,1714988.624,1.258E+05,8.257E+00,2.171E+01,6.329E+00,11.30592757,0.00189664,0.0263,1007,0.00001846,0.706814449,1007
1.72,514.560,527.280,1715199.584,1.255E+05,8.251E+00,2.170E+01,6.309E+00,11.30663971,0.001896526,0.0263,1007,0.00001846,0.706814449,1007
1.73,514.623,527.311,1715409.886,1.252E+05,8.246E+00,2.169E+01,6.289E+00,11.30734955,0.001896412,0.0263,1007,0.00001846,0.706814449,1007
1.74,514.686,527.343,1715619.534,1.249E+05,8.241E+00,2.167E+01,6.270E+00,11.30805709,0.001896299,0.0263,1007,0.00001846,0.706814449,1007
1.75,514.749,527.374,1715828.528,1.246E+05,8.236E+00,2.166E+01,6.250E+00,11.30876235,0.001896187,0.0263,1007,0.00001846,0.706814449,1007
1.76,514.811,527.406,1716036.872,1.243E+05,8.230E+00,2.165E+01,6.231E+00,11.30946533,0.001896074,0.0263,1007,0.00001846,0.706814449,1007
1.77,514.873,527.437,1716244.569,1.240E+05,8.225E+00,2.163E+01,6.212E+00,11.31016604,0.001895962,0.0263,1007,0.00001846,0.706814449,1007
1.78,514.935,527.468,1716451.62,1.237E+05,8.220E+00,2.162E+01,6.192E+00,11.31086449,0.001895851,0.0263,1007,0.00001846,0.706814449,1007
1.79,514.997,527.499,1716658.028,1.234E+05,8.215E+00,2.160E+01,6.173E+00,11.31156068,0.001895739,0.0263,1007,0.00001846,0.706814449,1007
1.8,515.059,527.530,1716863.795,1.231E+05,8.209E+00,2.159E+01,6.154E+00,11.31225464,0.001895628,0.0263,1007,0.00001846,0.706814449,1007
1.81,515.121,527.560,1717068.924,1.228E+05,8.204E+00,2.158E+01,6.135E+00,11.31294636,0.001895518,0.0263,1007,0.00001846,0.706814449,1007
1.82,515.182,527.591,1717273.417,1.225E+05,8.199E+00,2.156E+01,6.116E+00,11.31363586,0.001895408,0.0263,1007,0.00001846,0.706814449,1007
1.83,515.243,527.622,1717477.277,1.222E+05,8.194E+00,2.155E+01,6.097E+00,11.31432314,0.001895298,0.0263,1007,0.00001846,0.706814449,1007
1.84,515.304,527.652,1717680.505,1.219E+05,8.189E+00,2.154E+01,6.078E+00,11.31500822,0.001895188,0.0263,1007,0.00001846,0.706814449,1007
1.85,515.365,527.682,1717883.105,1.216E+05,8.183E+00,2.152E+01,6.059E+00,11.3156911,0.001895079,0.0263,1007,0.00001846,0.706814449,1007
1.86,515.426,527.713,1718085.078,1.213E+05,8.178E+00,2.151E+01,6.040E+00,11.31637178,0.00189497,0.0263,1007,0.00001846,0.706814449,1007
1.87,515.486,527.743,1718286.428,1.211E+05,8.173E+00,2.150E+01,6.022E+00,11.31705029,0.001894862,0.0263,1007,0.00001846,0.706814449,1007
1.88,515.546,527.773,1718487.155,1.208E+05,8.168E+00,2.148E+01,6.003E+00,11.31772662,0.001894754,0.0263,1007,0.00001846,0.706814449,1007
1.89,515.606,527.803,1718687.263,1.205E+05,8.163E+00,2.147E+01,5.985E+00,11.31840079,0.001894646,0.0263,1007,0.00001846,0.706814449,1007
1.9,515.666,527.833,1718886.754,1.202E+05,8.158E+00,2.145E+01,5.966E+00,11.31907281,0.001894539,0.0263,1007,0.00001846,0.706814449,1007
1.91,515.726,527.863,1719085.63,1.199E+05,8.153E+00,2.144E+01,5.948E+00,11.31974268,0.001894431,0.0263,1007,0.00001846,0.706814449,1007
1.92,515.785,527.893,1719283.894,1.196E+05,8.147E+00,2.143E+01,5.930E+00,11.3204104,0.001894325,0.0263,1007,0.00001846,0.706814449,1007
1.93,515.844,527.922,1719481.547,1.193E+05,8.142E+00,2.141E+01,5.911E+00,11.321076,0.001894218,0.0263,1007,0.00001846,0.706814449,1007
1.94,515.904,527.952,1719678.592,1.190E+05,8.137E+00,2.140E+01,5.893E+00,11.32173948,0.001894112,0.0263,1007,0.00001846,0.706814449,1007
1.95,515.963,527.981,1719875.031,1.188E+05,8.132E+00,2.139E+01,5.875E+00,11.32240084,0.001894007,0.0263,1007,0.00001846,0.706814449,1007
1.96,516.021,528.011,1720070.867,1.185E+05,8.127E+00,2.137E+01,5.857E+00,11.3230601,0.001893901,0.0263,1007,0.00001846,0.706814449,1007
1.97,516.080,528.040,1720266.102,1.182E+05,8.122E+00,2.136E+01,5.839E+00,11.32371726,0.001893796,0.0263,1007,0.00001846,0.706814449,1007
1.98,516.138,528.069,1720460.737,1.179E+05,8.117E+00,2.135E+01,5.821E+00,11.32437233,0.001893692,0.0263,1007,0.00001846,0.706814449,1007
1.99,516.196,528.098,1720654.776,1.176E+05,8.112E+00,2.133E+01,5.803E+00,11.32502532,0.001893587,0.0263,1007,0.00001846,0.706814449,1007
2,516.254,528.127,1720848.22,1.173E+05,8.107E+00,2.132E+01,5.786E+00,11.32567624,0.001893483,0.0263,1007,0.00001846,0.706814449,1007
2.01,516.312,528.156,1721041.071,1.171E+05,8.101E+00,2.131E+01,5.768E+00,11.32632509,0.001893379,0.0263,1007,0.00001846,0.706814449,1007
2.02,516.370,528.185,1721233.333,1.168E+05,8.096E+00,2.129E+01,5.750E+00,11.32697189,0.001893276,0.0263,1007,0.00001846,0.706814449,1007
2.03,516.428,528.214,1721425.006,1.165E+05,8.091E+00,2.128E+01,5.733E+00,11.32761663,0.001893173,0.0263,1007,0.00001846,0.706814449,1007
2.04,516.485,528.242,1721616.093,1.162E+05,8.086E+00,2.127E+01,5.715E+00,11.32825934,0.00189307,0.0263,1007,0.00001846,0.706814449,1007
2.05,516.542,528.271,1721806.596,1.160E+05,8.081E+00,2.125E+01,5.698E+00,11.32890001,0.001892968,0.0263,1007,0.00001846,0.706814449,1007
2.06,516.599,528.299,1721996.518,1.157E+05,8.076E+00,2.124E+01,5.680E+00,11.32953866,0.001892866,0.0263,1007,0.00001846,0.706814449,1007
2.07,516.656,528.328,1722185.86,1.154E+05,8.071E+00,2.123E+01,5.663E+00,11.33017529,0.001892764,0.0263,1007,0.00001846,0.706814449,1007
2.08,516.712,528.356,1722374.625,1.151E+05,8.066E+00,2.121E+01,5.646E+00,11.33080991,0.001892663,0.0263,1007,0.00001846,0.706814449,1007
2.09,516.769,528.384,1722562.815,1.149E+05,8.061E+00,2.120E+01,5.628E+00,11.33144253,0.001892561,0.0263,1007,0.00001846,0.706814449,1007
2.1,516.825,528.413,1722750.431,1.146E+05,8.056E+00,2.119E+01,5.611E+00,11.33207316,0.001892461,0.0263,1007,0.00001846,0.706814449,1007
2.11,516.881,528.441,1722937.477,1.143E+05,8.051E+00,2.117E+01,5.594E+00,11.3327018,0.00189236,0.0263,1007,0.00001846,0.706814449,1007
2.12,516.937,528.469,1723123.954,1.141E+05,8.046E+00,2.116E+01,5.577E+00,11.33332846,0.00189226,0.0263,1007,0.00001846,0.706814449,1007
2.13,516.993,528.496,1723309.863,1.138E+05,8.041E+00,2.115E+01,5.560E+00,11.33395315,0.00189216,0.0263,1007,0.00001846,0.706814449,1007
2.14,517.049,528.524,1723495.208,1.135E+05,8.036E+00,2.113E+01,5.543E+00,11.33457588,0.001892061,0.0263,1007,0.00001846,0.706814449,1007
2.15,517.104,528.552,1723679.991,1.133E+05,8.031E+00,2.112E+01,5.527E+00,11.33519665,0.001891961,0.0263,1007,0.00001846,0.706814449,1007
2.16,517.159,528.580,1723864.212,1.130E+05,8.026E+00,2.111E+01,5.510E+00,11.33581547,0.001891863,0.0263,1007,0.00001846,0.706814449,1007
2.17,517.214,528.607,1724047.875,1.127E+05,8.021E+00,2.110E+01,5.493E+00,11.33643235,0.001891764,0.0263,1007,0.00001846,0.706814449,1007
2.18,517.269,528.635,1724230.982,1.125E+05,8.016E+00,2.108E+01,5.477E+00,11.3370473,0.001891666,0.0263,1007,0.00001846,0.706814449,1007
2.19,517.324,528.662,1724413.534,1.122E+05,8.011E+00,2.107E+01,5.460E+00,11.33766033,0.001891568,0.0263,1007,0.00001846,0.706814449,1007
2.2,517.379,528.689,1724595.534,1.119E+05,8.006E+00,2.106E+01,5.443E+00,11.33827143,0.00189147,0.0263,1007,0.00001846,0.706814449,1007
2.21,517.433,528.717,1724776.983,1.117E+05,8.001E+00,2.104E+01,5.427E+00,11.33888062,0.001891373,0.0263,1007,0.00001846,0.706814449,1007
2.22,517.487,528.744,1724957.883,1.114E+05,7.996E+00,2.103E+01,5.411E+00,11.33948791,0.001891276,0.0263,1007,0.00001846,0.706814449,1007
2.23,517.541,528.771,1725138.237,1.111E+05,7.991E+00,2.102E+01,5.394E+00,11.34009331,0.001891179,0.0263,1007,0.00001846,0.706814449,1007
2.24,517.595,528.798,1725318.047,1.109E+05,7.987E+00,2.100E+01,5.378E+00,11.34069681,0.001891082,0.0263,1007,0.00001846,0.706814449,1007
2.25,517.649,528.825,1725497.314,1.106E+05,7.982E+00,2.099E+01,5.362E+00,11.34129843,0.001890986,0.0263,1007,0.00001846,0.706814449,1007
2.26,517.703,528.851,1725676.041,1.104E+05,7.977E+00,2.098E+01,5.346E+00,11.34189818,0.00189089,0.0263,1007,0.00001846,0.706814449,1007
2.27,517.756,528.878,1725854.229,1.101E+05,7.972E+00,2.097E+01,5.330E+00,11.34249606,0.001890795,0.0263,1007,0.00001846,0.706814449,1007
2.28,517.810,528.905,1726031.88,1.098E+05,7.967E+00,2.095E+01,5.314E+00,11.34309208,0.001890699,0.0263,1007,0.00001846,0.706814449,1007
2.29,517.863,528.931,1726208.997,1.096E+05,7.962E+00,2.094E+01,5.298E+00,11.34368624,0.001890605,0.0263,1007,0.00001846,0.706814449,1007
2.3,517.916,528.958,1726385.581,1.093E+05,7.957E+00,2.093E+01,5.282E+00,11.34427856,0.00189051,0.0263,1007,0.00001846,0.706814449,1007
2.31,517.968,528.984,1726561.634,1.091E+05,7.952E+00,2.091E+01,5.266E+00,11.34486904,0.001890415,0.0263,1007,0.00001846,0.706814449,1007
2.32,518.021,529.011,1726737.159,1.088E+05,7.947E+00,2.090E+01,5.250E+00,11.34545768,0.001890321,0.0263,1007,0.00001846,0.706814449,1007
2.33,518.074,529.037,1726912.156,1.086E+05,7.942E+00,2.089E+01,5.234E+00,11.3460445,0.001890228,0.0263,1007,0.00001846,0.706814449,1007
2.34,518.126,529.063,1727086.628,1.083E+05,7.938E+00,2.088E+01,5.218E+00,11.34662951,0.001890134,0.0263,1007,0.00001846,0.706814449,1007
2.35,518.178,529.089,1727260.578,1.081E+05,7.933E+00,2.086E+01,5.203E+00,11.3472127,0.001890041,0.0263,1007,0.00001846,0.706814449,1007
2.36,518.230,529.115,1727434.006,1.078E+05,7.928E+00,2.085E+01,5.187E+00,11.34779408,0.001889948,0.0263,1007,0.00001846,0.706814449,1007
2.37,518.282,529.141,1727606.914,1.076E+05,7.923E+00,2.084E+01,5.172E+00,11.34837367,0.001889855,0.0263,1007,0.00001846,0.706814449,1007
2.38,518.334,529.167,1727779.305,1.073E+05,7.918E+00,2.082E+01,5.156E+00,11.34895146,0.001889763,0.0263,1007,0.00001846,0.706814449,1007
2.39,518.385,529.193,1727951.181,1.071E+05,7.913E+00,2.081E+01,5.141E+00,11.34952748,0.001889671,0.0263,1007,0.00001846,0.706814449,1007
2.4,518.437,529.218,1728122.542,1.068E+05,7.909E+00,2.080E+01,5.125E+00,11.35010171,0.001889579,0.0263,1007,0.00001846,0.706814449,1007
2.41,518.488,529.244,1728293.392,1.066E+05,7.904E+00,2.079E+01,5.110E+00,11.35067417,0.001889488,0.0263,1007,0.00001846,0.706814449,1007
2.42,518.539,529.270,1728463.732,1.063E+05,7.899E+00,2.077E+01,5.095E+00,11.35124487,0.001889396,0.0263,1007,0.00001846,0.706814449,1007
2.43,518.590,529.295,1728633.563,1.061E+05,7.894E+00,2.076E+01,5.080E+00,11.35181381,0.001889305,0.0263,1007,0.00001846,0.706814449,1007
2.44,518.641,529.320,1728802.888,1.058E+05,7.889E+00,2.075E+01,5.065E+00,11.352381,0.001889215,0.0263,1007,0.00001846,0.706814449,1007
2.45,518.692,529.346,1728971.708,1.056E+05,7.884E+00,2.074E+01,5.050E+00,11.35294645,0.001889124,0.0263,1007,0.00001846,0.706814449,1007
2.46,518.742,529.371,1729140.026,1.053E+05,7.880E+00,2.072E+01,5.034E+00,11.35351016,0.001889034,0.0263,1007,0.00001846,0.706814449,1007
2.47,518.792,529.396,1729307.843,1.051E+05,7.875E+00,2.071E+01,5.020E+00,11.35407213,0.001888945,0.0263,1007,0.00001846,0.706814449,1007
2.48,518.843,529.421,1729475.16,1.048E+05,7.870E+00,2.070E+01,5.005E+00,11.35463238,0.001888855,0.0263,1007,0.00001846,0.706814449,1007
2.49,518.893,529.446,1729641.98,1.046E+05,7.865E+00,2.069E+01,4.990E+00,11.35519092,0.001888766,0.0263,1007,0.00001846,0.706814449,1007
2.5,518.942,529.471,1729808.305,1.044E+05,7.861E+00,2.067E+01,4.975E+00,11.35574774,0.001888677,0.0263,1007,0.00001846,0.706814449,1007
2.51,518.992,529.496,1729974.135,1.041E+05,7.856E+00,2.066E+01,4.960E+00,11.35630285,0.001888588,0.0263,1007,0.00001846,0.706814449,1007
2.52,519.042,529.521,1730139.474,1.039E+05,7.851E+00,2.065E+01,4.945E+00,11.35685627,0.0018885,0.0263,1007,0.00001846,0.706814449,1007
2.53,519.091,529.546,1730304.322,1.036E+05,7.846E+00,2.064E+01,4.931E+00,11.35740799,0.001888411,0.0263,1007,0.00001846,0.706814449,1007
2.54,519.141,529.570,1730468.682,1.034E+05,7.842E+00,2.062E+01,4.916E+00,11.35795803,0.001888323,0.0263,1007,0.00001846,0.706814449,1007
2.55,519.190,529.595,1730632.554,1.032E+05,7.837E+00,2.061E+01,4.902E+00,11.35850639,0.001888236,0.0263,1007,0.00001846,0.706814449,1007
2.56,519.239,529.619,1730795.942,1.029E+05,7.832E+00,2.060E+01,4.887E+00,11.35905307,0.001888148,0.0263,1007,0.00001846,0.706814449,1007
2.57,519.288,529.644,1730958.847,1.027E+05,7.827E+00,2.059E+01,4.873E+00,11.35959809,0.001888061,0.0263,1007,0.00001846,0.706814449,1007
2.58,519.336,529.668,1731121.269,1.024E+05,7.823E+00,2.057E+01,4.858E+00,11.36014144,0.001887974,0.0263,1007,0.00001846,0.706814449,1007
2.59,519.385,529.692,1731283.212,1.022E+05,7.818E+00,2.056E+01,4.844E+00,11.36068314,0.001887888,0.0263,1007,0.00001846,0.706814449,1007
2.6,519.433,529.717,1731444.677,1.020E+05,7.813E+00,2.055E+01,4.830E+00,11.36122319,0.001887802,0.0263,1007,0.00001846,0.706814449,1007
2.61,519.482,529.741,1731605.665,1.017E+05,7.808E+00,2.054E+01,4.815E+00,11.3617616,0.001887715,0.0263,1007,0.00001846,0.706814449,1007
2.62,519.530,529.765,1731766.179,1.015E+05,7.804E+00,2.052E+01,4.801E+00,11.36229837,0.00188763,0.0263,1007,0.00001846,0.706814449,1007
2.63,519.578,529.789,1731926.219,1.013E+05,7.799E+00,2.051E+01,4.787E+00,11.36283351,0.001887544,0.0263,1007,0.00001846,0.706814449,1007
2.64,519.626,529.813,1732085.788,1.010E+05,7.794E+00,2.050E+01,4.773E+00,11.36336702,0.001887459,0.0263,1007,0.00001846,0.706814449,1007
2.65,519.673,529.837,1732244.887,1.008E+05,7.790E+00,2.049E+01,4.759E+00,11.36389892,0.001887374,0.0263,1007,0.00001846,0.706814449,1007
2.66,519.721,529.861,1732403.518,1.006E+05,7.785E+00,2.047E+01,4.745E+00,11.3644292,0.001887289,0.0263,1007,0.00001846,0.706814449,1007
2.67,519.769,529.884,1732561.683,1.003E+05,7.780E+00,2.046E+01,4.731E+00,11.36495788,0.001887205,0.0263,1007,0.00001846,0.706814449,1007
2.68,519.816,529.908,1732719.383,1.001E+05,7.776E+00,2.045E+01,4.717E+00,11.36548496,0.00188712,0.0263,1007,0.00001846,0.706814449,1007
2.69,519.863,529.931,1732876.619,9.989E+04,7.771E+00,2.044E+01,4.703E+00,11.36601044,0.001887036,0.0263,1007,0.00001846,0.706814449,1007
2.7,519.910,529.955,1733033.395,9.966E+04,7.766E+00,2.043E+01,4.689E+00,11.36653433,0.001886953,0.0263,1007,0.00001846,0.706814449,1007
2.71,519.957,529.978,1733189.71,9.943E+04,7.762E+00,2.041E+01,4.676E+00,11.36705664,0.001886869,0.0263,1007,0.00001846,0.706814449,1007
2.72,520.004,530.002,1733345.567,9.920E+04,7.757E+00,2.040E+01,4.662E+00,11.36757737,0.001886786,0.0263,1007,0.00001846,0.706814449,1007
2.73,520.050,530.025,1733500.968,9.898E+04,7.752E+00,2.039E+01,4.648E+00,11.36809654,0.001886703,0.0263,1007,0.00001846,0.706814449,1007
2.74,520.097,530.048,1733655.913,9.875E+04,7.748E+00,2.038E+01,4.635E+00,11.36861413,0.00188662,0.0263,1007,0.00001846,0.706814449,1007
2.75,520.143,530.072,1733810.405,9.852E+04,7.743E+00,2.036E+01,4.621E+00,11.36913017,0.001886538,0.0263,1007,0.00001846,0.706814449,1007
2.76,520.189,530.095,1733964.446,9.830E+04,7.739E+00,2.035E+01,4.608E+00,11.36964465,0.001886456,0.0263,1007,0.00001846,0.706814449,1007
2.77,520.235,530.118,1734118.036,9.808E+04,7.734E+00,2.034E+01,4.594E+00,11.37015759,0.001886374,0.0263,1007,0.00001846,0.706814449,1007
2.78,520.281,530.141,1734271.177,9.785E+04,7.729E+00,2.033E+01,4.581E+00,11.37066898,0.001886292,0.0263,1007,0.00001846,0.706814449,1007
2.79,520.327,530.164,1734423.872,9.763E+04,7.725E+00,2.032E+01,4.567E+00,11.37117883,0.00188621,0.0263,1007,0.00001846,0.706814449,1007
2.8,520.373,530.186,1734576.121,9.741E+04,7.720E+00,2.030E+01,4.554E+00,11.37168715,0.001886129,0.0263,1007,0.00001846,0.706814449,1007
2.81,520.418,530.209,1734727.926,9.719E+04,7.716E+00,2.029E+01,4.541E+00,11.37219395,0.001886048,0.0263,1007,0.00001846,0.706814449,1007
2.82,520.464,530.232,1734879.289,9.696E+04,7.711E+00,2.028E+01,4.528E+00,11.37269923,0.001885967,0.0263,1007,0.00001846,0.706814449,1007
2.83,520.509,530.255,1735030.211,9.674E+04,7.706E+00,2.027E+01,4.514E+00,11.37320299,0.001885887,0.0263,1007,0.00001846,0.706814449,1007
2.84,520.554,530.277,1735180.694,9.652E+04,7.702E+00,2.026E+01,4.501E+00,11.37370525,0.001885806,0.0263,1007,0.00001846,0.706814449,1007
2.85,520.599,530.300,1735330.739,9.631E+04,7.697E+00,2.024E+01,4.488E+00,11.374206,0.001885726,0.0263,1007,0.00001846,0.706814449,1007
2.86,520.644,530.322,1735480.348,9.609E+04,7.693E+00,2.023E+01,4.475E+00,11.37470525,0.001885647,0.0263,1007,0.00001846,0.706814449,1007
2.87,520.689,530.344,1735629.523,9.587E+04,7.688E+00,2.022E+01,4.462E+00,11.37520301,0.001885567,0.0263,1007,0.00001846,0.706814449,1007
2.88,520.733,530.367,1735778.264,9.565E+04,7.684E+00,2.021E+01,4.449E+00,11.37569929,0.001885488,0.0263,1007,0.00001846,0.706814449,1007
2.89,520.778,530.389,1735926.573,9.544E+04,7.679E+00,2.020E+01,4.436E+00,11.37619408,0.001885409,0.0263,1007,0.00001846,0.706814449,1007
2.9,520.822,530.411,1736074.453,9.522E+04,7.674E+00,2.018E+01,4.424E+00,11.37668739,0.00188533,0.0263,1007,0.00001846,0.706814449,1007
2.91,520.867,530.433,1736221.904,9.500E+04,7.670E+00,2.017E+01,4.411E+00,11.37717924,0.001885251,0.0263,1007,0.00001846,0.706814449,1007
2.92,520.911,530.455,1736368.928,9.479E+04,7.665E+00,2.016E+01,4.398E+00,11.37766962,0.001885173,0.0263,1007,0.00001846,0.706814449,1007
2.93,520.955,530.477,1736515.526,9.458E+04,7.661E+00,2.015E+01,4.385E+00,11.37815854,0.001885095,0.0263,1007,0.00001846,0.706814449,1007
2.94,520.999,530.499,1736661.701,9.436E+04,7.656E+00,2.014E+01,4.373E+00,11.378646,0.001885017,0.0263,1007,0.00001846,0.706814449,1007
2.95,521.042,530.521,1736807.452,9.415E+04,7.652E+00,2.012E+01,4.360E+00,11.37913202,0.001884939,0.0263,1007,0.00001846,0.706814449,1007
2.96,521.086,530.543,1736952.783,9.394E+04,7.647E+00,2.011E+01,4.347E+00,11.37961659,0.001884862,0.0263,1007,0.00001846,0.706814449,1007
2.97,521.129,530.565,1737097.694,9.372E+04,7.643E+00,2.010E+01,4.335E+00,11.38009972,0.001884784,0.0263,1007,0.00001846,0.706814449,1007
2.98,521.173,530.586,1737242.186,9.351E+04,7.638E+00,2.009E+01,4.322E+00,11.38058142,0.001884707,0.0263,1007,0.00001846,0.706814449,1007
2.99,521.216,530.608,1737386.262,9.330E+04,7.634E+00,2.008E+01,4.310E+00,11.38106169,0.001884631,0.0263,1007,0.00001846,0.706814449,1007
3,521.259,530.629,1737529.923,9.309E+04,7.629E+00,2.007E+01,4.297E+00,11.38154053,0.001884554,0.0263,1007,0.00001846,0.706814449,1007
3.01,521.302,530.651,1737673.169,9.288E+04,7.625E+00,2.005E+01,4.285E+00,11.38201796,0.001884478,0.0263,1007,0.00001846,0.706814449,1007
3.02,521.345,530.672,1737816.004,9.267E+04,7.620E+00,2.004E+01,4.273E+00,11.38249398,0.001884402,0.0263,1007,0.00001846,0.706814449,1007
3.03,521.388,530.694,1737958.427,9.247E+04,7.616E+00,2.003E+01,4.260E+00,11.38296859,0.001884326,0.0263,1007,0.00001846,0.706814449,1007
3.04,521.430,530.715,1738100.44,9.226E+04,7.611E+00,2.002E+01,4.248E+00,11.38344179,0.00188425,0.0263,1007,0.00001846,0.706814449,1007
3.05,521.473,530.736,1738242.046,9.205E+04,7.607E+00,2.001E+01,4.236E+00,11.3839136,0.001884175,0.0263,1007,0.00001846,0.706814449,1007
3.06,521.515,530.757,1738383.245,9.184E+04,7.603E+00,1.999E+01,4.224E+00,11.38438401,0.0018841,0.0263,1007,0.00001846,0.706814449,1007
3.07,521.557,530.779,1738524.038,9.164E+04,7.598E+00,1.998E+01,4.212E+00,11.38485304,0.001884025,0.0263,1007,0.00001846,0.706814449,1007
3.08,521.599,530.800,1738664.428,9.143E+04,7.594E+00,1.997E+01,4.200E+00,11.38532068,0.00188395,0.0263,1007,0.00001846,0.706814449,1007
3.09,521.641,530.821,1738804.415,9.123E+04,7.589E+00,1.996E+01,4.188E+00,11.38578694,0.001883875,0.0263,1007,0.00001846,0.706814449,1007
3.1,521.683,530.842,1738944,9.102E+04,7.585E+00,1.995E+01,4.176E+00,11.38625184,0.001883801,0.0263,1007,0.00001846,0.706814449,1007
3.11,521.725,530.862,1739083.186,9.082E+04,7.580E+00,1.994E+01,4.164E+00,11.38671536,0.001883727,0.0263,1007,0.00001846,0.706814449,1007
3.12,521.767,530.883,1739221.974,9.062E+04,7.576E+00,1.992E+01,4.152E+00,11.38717752,0.001883653,0.0263,1007,0.00001846,0.706814449,1007
3.13,521.808,530.904,1739360.365,9.041E+04,7.571E+00,1.991E+01,4.140E+00,11.38763833,0.00188358,0.0263,1007,0.00001846,0.706814449,1007
3.14,521.850,530.925,1739498.36,9.021E+04,7.567E+00,1.990E+01,4.128E+00,11.38809778,0.001883506,0.0263,1007,0.00001846,0.706814449,1007
3.15,521.891,530.945,1739635.961,9.001E+04,7.563E+00,1.989E+01,4.116E+00,11.38855588,0.001883433,0.0263,1007,0.00001846,0.706814449,1007
3.16,521.932,530.966,1739773.169,8.981E+04,7.558E+00,1.988E+01,4.104E+00,11.38901264,0.00188336,0.0263,1007,0.00001846,0.706814449,1007
3.17,521.973,530.986,1739909.985,8.961E+04,7.554E+00,1.987E+01,4.093E+00,11.38946806,0.001883287,0.0263,1007,0.00001846,0.706814449,1007
3.18,522.014,531.007,1740046.411,8.941E+04,7.549E+00,1.986E+01,4.081E+00,11.38992214,0.001883214,0.0263,1007,0.00001846,0.706814449,1007
3.19,522.055,531.027,1740182.448,8.921E+04,7.545E+00,1.984E+01,4.069E+00,11.3903749,0.001883142,0.0263,1007,0.00001846,0.706814449,1007
3.2,522.095,531.048,1740318.098,8.901E+04,7.541E+00,1.983E+01,4.058E+00,11.39082633,0.00188307,0.0263,1007,0.00001846,0.706814449,1007
3.21,522.136,531.068,1740453.362,8.881E+04,7.536E+00,1.982E+01,4.046E+00,11.39127644,0.001882998,0.0263,1007,0.00001846,0.706814449,1007
3.22,522.176,531.088,1740588.24,8.862E+04,7.532E+00,1.981E+01,4.035E+00,11.39172524,0.001882926,0.0263,1007,0.00001846,0.706814449,1007
3.23,522.217,531.108,1740722.736,8.842E+04,7.528E+00,1.980E+01,4.023E+00,11.39217273,0.001882855,0.0263,1007,0.00001846,0.706814449,1007
3.24,522.257,531.129,1740856.848,8.822E+04,7.523E+00,1.979E+01,4.012E+00,11.39261891,0.001882783,0.0263,1007,0.00001846,0.706814449,1007
3.25,522.297,531.149,1740990.58,8.803E+04,7.519E+00,1.977E+01,4.001E+00,11.39306379,0.001882712,0.0263,1007,0.00001846,0.706814449,1007
3.26,522.337,531.169,1741123.933,8.783E+04,7.515E+00,1.976E+01,3.989E+00,11.39350737,0.001882641,0.0263,1007,0.00001846,0.706814449,1007
3.27,522.377,531.189,1741256.907,8.764E+04,7.510E+00,1.975E+01,3.978E+00,11.39394967,0.001882571,0.0263,1007,0.00001846,0.706814449,1007
3.28,522.417,531.208,1741389.504,8.744E+04,7.506E+00,1.974E+01,3.967E+00,11.39439067,0.0018825,0.0263,1007,0.00001846,0.706814449,1007
3.29,522.457,531.228,1741521.725,8.725E+04,7.502E+00,1.973E+01,3.955E+00,11.39483039,0.00188243,0.0263,1007,0.00001846,0.706814449,1007
3.3,522.496,531.248,1741653.572,8.706E+04,7.497E+00,1.972E+01,3.944E+00,11.39526884,0.00188236,0.0263,1007,0.00001846,0.706814449,1007
3.31,522.536,531.268,1741785.046,8.686E+04,7.493E+00,1.971E+01,3.933E+00,11.39570601,0.00188229,0.0263,1007,0.00001846,0.706814449,1007
3.32,522.575,531.287,1741916.147,8.667E+04,7.489E+00,1.969E+01,3.922E+00,11.39614191,0.00188222,0.0263,1007,0.00001846,0.706814449,1007
3.33,522.614,531.307,1742046.878,8.648E+04,7.484E+00,1.968E+01,3.911E+00,11.39657655,0.001882151,0.0263,1007,0.00001846,0.706814449,1007
3.34,522.653,531.327,1742177.24,8.629E+04,7.480E+00,1.967E+01,3.900E+00,11.39700993,0.001882082,0.0263,1007,0.00001846,0.706814449,1007
3.35,522.692,531.346,1742307.234,8.610E+04,7.476E+00,1.966E+01,3.889E+00,11.39744205,0.001882013,0.0263,1007,0.00001846,0.706814449,1007
3.36,522.731,531.366,1742436.861,8.591E+04,7.471E+00,1.965E+01,3.878E+00,11.39787292,0.001881944,0.0263,1007,0.00001846,0.706814449,1007
3.37,522.770,531.385,1742566.122,8.572E+04,7.467E+00,1.964E+01,3.867E+00,11.39830255,0.001881875,0.0263,1007,0.00001846,0.706814449,1007
3.38,522.809,531.404,1742695.019,8.553E+04,7.463E+00,1.963E+01,3.856E+00,11.39873093,0.001881807,0.0263,1007,0.00001846,0.706814449,1007
3.39,522.847,531.424,1742823.552,8.534E+04,7.458E+00,1.962E+01,3.845E+00,11.39915808,0.001881738,0.0263,1007,0.00001846,0.706814449,1007
3.4,522.886,531.443,1742951.724,8.515E+04,7.454E+00,1.960E+01,3.834E+00,11.39958399,0.00188167,0.0263,1007,0.00001846,0.706814449,1007
3.41,522.924,531.462,1743079.535,8.496E+04,7.450E+00,1.959E+01,3.824E+00,11.40000867,0.001881602,0.0263,1007,0.00001846,0.706814449,1007
3.42,522.962,531.481,1743206.987,8.478E+04,7.446E+00,1.958E+01,3.813E+00,11.40043213,0.001881535,0.0263,1007,0.00001846,0.706814449,1007
3.43,523.000,531.500,1743334.08,8.459E+04,7.441E+00,1.957E+01,3.802E+00,11.40085436,0.001881467,0.0263,1007,0.00001846,0.706814449,1007
3.44,523.038,531.519,1743460.817,8.441E+04,7.437E+00,1.956E+01,3.791E+00,11.40127538,0.0018814,0.0263,1007,0.00001846,0.706814449,1007
3.45,523.076,531.538,1743587.197,8.422E+04,7.433E+00,1.955E+01,3.781E+00,11.40169519,0.001881333,0.0263,1007,0.00001846,0.706814449,1007
3.46,523.114,531.557,1743713.223,8.403E+04,7.429E+00,1.954E+01,3.770E+00,11.40211379,0.001881266,0.0263,1007,0.00001846,0.706814449,1007
3.47,523.152,531.576,1743838.896,8.385E+04,7.424E+00,1.953E+01,3.760E+00,11.40253119,0.001881199,0.0263,1007,0.00001846,0.706814449,1007
3.48,523.189,531.595,1743964.217,8.367E+04,7.420E+00,1.951E+01,3.749E+00,11.40294739,0.001881133,0.0263,1007,0.00001846,0.706814449,1007
3.49,523.227,531.613,1744089.186,8.348E+04,7.416E+00,1.950E+01,3.739E+00,11.40336239,0.001881066,0.0263,1007,0.00001846,0.706814449,1007
3.5,523.264,531.632,1744213.806,8.330E+04,7.412E+00,1.949E+01,3.728E+00,11.4037762,0.001881,0.0263,1007,0.00001846,0.706814449,1007
3.51,523.301,531.651,1744338.077,8.312E+04,7.407E+00,1.948E+01,3.718E+00,11.40418883,0.001880934,0.0263,1007,0.00001846,0.706814449,1007
3.52,523.339,531.669,1744462,8.294E+04,7.403E+00,1.947E+01,3.707E+00,11.40460027,0.001880868,0.0263,1007,0.00001846,0.706814449,1007
3.53,523.376,531.688,1744585.577,8.275E+04,7.399E+00,1.946E+01,3.697E+00,11.40501054,0.001880803,0.0263,1007,0.00001846,0.706814449,1007
3.54,523.413,531.706,1744708.81,8.257E+04,7.395E+00,1.945E+01,3.687E+00,11.40541963,0.001880737,0.0263,1007,0.00001846,0.706814449,1007
3.55,523.450,531.725,1744831.698,8.239E+04,7.391E+00,1.944E+01,3.676E+00,11.40582755,0.001880672,0.0263,1007,0.00001846,0.706814449,1007
3.56,523.486,531.743,1744954.243,8.221E+04,7.386E+00,1.943E+01,3.666E+00,11.4062343,0.001880607,0.0263,1007,0.00001846,0.706814449,1007
3.57,523.523,531.761,1745076.447,8.203E+04,7.382E+00,1.942E+01,3.656E+00,11.40663989,0.001880542,0.0263,1007,0.00001846,0.706814449,1007
3.58,523.559,531.780,1745198.31,8.185E+04,7.378E+00,1.940E+01,3.646E+00,11.40704433,0.001880478,0.0263,1007,0.00001846,0.706814449,1007
3.59,523.596,531.798,1745319.834,8.168E+04,7.374E+00,1.939E+01,3.636E+00,11.40744761,0.001880413,0.0263,1007,0.00001846,0.706814449,1007
3.6,523.632,531.816,1745441.019,8.150E+04,7.370E+00,1.938E+01,3.625E+00,11.40784974,0.001880349,0.0263,1007,0.00001846,0.706814449,1007
3.61,523.669,531.834,1745561.868,8.132E+04,7.366E+00,1.937E+01,3.615E+00,11.40825072,0.001880285,0.0263,1007,0.00001846,0.706814449,1007
3.62,523.705,531.852,1745682.381,8.114E+04,7.361E+00,1.936E+01,3.605E+00,11.40865056,0.001880221,0.0263,1007,0.00001846,0.706814449,1007
3.63,523.741,531.870,1745802.558,8.097E+04,7.357E+00,1.935E+01,3.595E+00,11.40904927,0.001880157,0.0263,1007,0.00001846,0.706814449,1007
3.64,523.777,531.888,1745922.402,8.079E+04,7.353E+00,1.934E+01,3.585E+00,11.40944684,0.001880094,0.0263,1007,0.00001846,0.706814449,1007
3.65,523.813,531.906,1746041.914,8.061E+04,7.349E+00,1.933E+01,3.575E+00,11.40984328,0.00188003,0.0263,1007,0.00001846,0.706814449,1007
3.66,523.848,531.924,1746161.094,8.044E+04,7.345E+00,1.932E+01,3.565E+00,11.41023859,0.001879967,0.0263,1007,0.00001846,0.706814449,1007
3.67,523.884,531.942,1746279.943,8.026E+04,7.341E+00,1.931E+01,3.556E+00,11.41063279,0.001879904,0.0263,1007,0.00001846,0.706814449,1007
3.68,523.920,531.960,1746398.464,8.009E+04,7.336E+00,1.929E+01,3.546E+00,11.41102586,0.001879841,0.0263,1007,0.00001846,0.706814449,1007
3.69,523.955,531.977,1746516.656,7.992E+04,7.332E+00,1.928E+01,3.536E+00,11.41141782,0.001879779,0.0263,1007,0.00001846,0.706814449,1007
3.7,523.990,531.995,1746634.521,7.974E+04,7.328E+00,1.927E+01,3.526E+00,11.41180867,0.001879716,0.0263,1007,0.00001846,0.706814449,1007
3.71,524.026,532.013,1746752.06,7.957E+04,7.324E+00,1.926E+01,3.516E+00,11.41219841,0.001879654,0.0263,1007,0.00001846,0.706814449,1007
3.72,524.061,532.030,1746869.275,7.940E+04,7.320E+00,1.925E+01,3.507E+00,11.41258705,0.001879592,0.0263,1007,0.00001846,0.706814449,1007
3.73,524.096,532.048,1746986.165,7.923E+04,7.316E+00,1.924E+01,3.497E+00,11.41297459,0.00187953,0.0263,1007,0.00001846,0.706814449,1007
3.74,524.131,532.065,1747102.733,7.905E+04,7.312E+00,1.923E+01,3.487E+00,11.41336103,0.001879468,0.0263,1007,0.00001846,0.706814449,1007
3.75,524.166,532.083,1747218.979,7.888E+04,7.308E+00,1.922E+01,3.478E+00,11.41374638,0.001879407,0.0263,1007,0.00001846,0.706814449,1007
3.76,524.200,532.100,1747334.904,7.871E+04,7.304E+00,1.921E+01,3.468E+00,11.41413065,0.001879345,0.0263,1007,0.00001846,0.706814449,1007
3.77,524.235,532.118,1747450.51,7.854E+04,7.299E+00,1.920E+01,3.459E+00,11.41451383,0.001879284,0.0263,1007,0.00001846,0.706814449,1007
3.78,524.270,532.135,1747565.798,7.837E+04,7.295E+00,1.919E+01,3.449E+00,11.41489593,0.001879223,0.0263,1007,0.00001846,0.706814449,1007
3.79,524.304,532.152,1747680.768,7.820E+04,7.291E+00,1.918E+01,3.440E+00,11.41527695,0.001879162,0.0263,1007,0.00001846,0.706814449,1007
3.8,524.339,532.169,1747795.422,7.804E+04,7.287E+00,1.917E+01,3.430E+00,11.4156569,0.001879101,0.0263,1007,0.00001846,0.706814449,1007
3.81,524.373,532.186,1747909.76,7.787E+04,7.283E+00,1.915E+01,3.421E+00,11.41603578,0.001879041,0.0263,1007,0.00001846,0.706814449,1007
3.82,524.407,532.204,1748023.785,7.770E+04,7.279E+00,1.914E+01,3.411E+00,11.4164136,0.00187898,0.0263,1007,0.00001846,0.706814449,1007
3.83,524.441,532.221,1748137.496,7.753E+04,7.275E+00,1.913E+01,3.402E+00,11.41679035,0.00187892,0.0263,1007,0.00001846,0.706814449,1007
3.84,524.475,532.238,1748250.895,7.737E+04,7.271E+00,1.912E+01,3.393E+00,11.41716605,0.00187886,0.0263,1007,0.00001846,0.706814449,1007
3.85,524.509,532.255,1748363.982,7.720E+04,7.267E+00,1.911E+01,3.383E+00,11.41754069,0.0018788,0.0263,1007,0.00001846,0.706814449,1007
3.86,524.543,532.272,1748476.76,7.703E+04,7.263E+00,1.910E+01,3.374E+00,11.41791428,0.00187874,0.0263,1007,0.00001846,0.706814449,1007
3.87,524.577,532.288,1748589.229,7.687E+04,7.259E+00,1.909E+01,3.365E+00,11.41828682,0.001878681,0.0263,1007,0.00001846,0.706814449,1007
3.88,524.610,532.305,1748701.389,7.670E+04,7.255E+00,1.908E+01,3.356E+00,11.41865832,0.001878621,0.0263,1007,0.00001846,0.706814449,1007
3.89,524.644,532.322,1748813.243,7.654E+04,7.251E+00,1.907E+01,3.346E+00,11.41902877,0.001878562,0.0263,1007,0.00001846,0.706814449,1007
3.9,524.677,532.339,1748924.79,7.637E+04,7.247E+00,1.906E+01,3.337E+00,11.41939819,0.001878503,0.0263,1007,0.00001846,0.706814449,1007
3.91,524.711,532.355,1749036.033,7.621E+04,7.243E+00,1.905E+01,3.328E+00,11.41976658,0.001878444,0.0263,1007,0.00001846,0.706814449,1007
3.92,524.744,532.372,1749146.971,7.605E+04,7.239E+00,1.904E+01,3.319E+00,11.42013394,0.001878386,0.0263,1007,0.00001846,0.706814449,1007
3.93,524.777,532.389,1749257.607,7.588E+04,7.235E+00,1.903E+01,3.310E+00,11.42050027,0.001878327,0.0263,1007,0.00001846,0.706814449,1007
3.94,524.810,532.405,1749367.94,7.572E+04,7.231E+00,1.902E+01,3.301E+00,11.42086558,0.001878269,0.0263,1007,0.00001846,0.706814449,1007
3.95,524.843,532.422,1749477.973,7.556E+04,7.227E+00,1.901E+01,3.292E+00,11.42122987,0.00187821,0.0263,1007,0.00001846,0.706814449,1007
3.96,524.876,532.438,1749587.705,7.540E+04,7.222E+00,1.900E+01,3.283E+00,11.42159314,0.001878152,0.0263,1007,0.00001846,0.706814449,1007
3.97,524.909,532.455,1749697.138,7.524E+04,7.218E+00,1.898E+01,3.274E+00,11.4219554,0.001878094,0.0263,1007,0.00001846,0.706814449,1007
3.98,524.942,532.471,1749806.274,7.507E+04,7.214E+00,1.897E+01,3.265E+00,11.42231666,0.001878037,0.0263,1007,0.00001846,0.706814449,1007
3.99,524.975,532.487,1749915.112,7.491E+04,7.211E+00,1.896E+01,3.256E+00,11.4226769,0.001877979,0.0263,1007,0.00001846,0.706814449,1007
4,525.007,532.504,1750023.654,7.475E+04,7.207E+00,1.895E+01,3.247E+00,11.42303615,0.001877922,0.0263,1007,0.00001846,0.706814449,1007
4.01,525.040,532.520,1750131.901,7.459E+04,7.203E+00,1.894E+01,3.239E+00,11.42339439,0.001877864,0.0263,1007,0.00001846,0.706814449,1007
4.02,525.072,532.536,1750239.854,7.444E+04,7.199E+00,1.893E+01,3.230E+00,11.42375164,0.001877807,0.0263,1007,0.00001846,0.706814449,1007
4.03,525.104,532.552,1750347.514,7.428E+04,7.195E+00,1.892E+01,3.221E+00,11.4241079,0.00187775,0.0263,1007,0.00001846,0.706814449,1007
4.04,525.136,532.568,1750454.881,7.412E+04,7.191E+00,1.891E+01,3.212E+00,11.42446317,0.001877694,0.0263,1007,0.00001846,0.706814449,1007
4.05,525.169,532.584,1750561.957,7.396E+04,7.187E+00,1.890E+01,3.204E+00,11.42481746,0.001877637,0.0263,1007,0.00001846,0.706814449,1007
4.06,525.201,532.600,1750668.743,7.380E+04,7.183E+00,1.889E+01,3.195E+00,11.42517076,0.001877581,0.0263,1007,0.00001846,0.706814449,1007
4.07,525.233,532.616,1750775.24,7.365E+04,7.179E+00,1.888E+01,3.186E+00,11.42552309,0.001877524,0.0263,1007,0.00001846,0.706814449,1007
4.08,525.264,532.632,1750881.448,7.349E+04,7.175E+00,1.887E+01,3.178E+00,11.42587444,0.001877468,0.0263,1007,0.00001846,0.706814449,1007
4.09,525.296,532.648,1750987.368,7.333E+04,7.171E+00,1.886E+01,3.169E+00,11.42622482,0.001877412,0.0263,1007,0.00001846,0.706814449,1007
4.1,525.328,532.664,1751093.002,7.318E+04,7.167E+00,1.885E+01,3.160E+00,11.42657422,0.001877356,0.0263,1007,0.00001846,0.706814449,1007
4.11,525.360,532.680,1751198.351,7.302E+04,7.163E+00,1.884E+01,3.152E+00,11.42692267,0.001877301,0.0263,1007,0.00001846,0.706814449,1007
4.12,525.391,532.696,1751303.414,7.287E+04,7.159E+00,1.883E+01,3.143E+00,11.42727015,0.001877245,0.0263,1007,0.00001846,0.706814449,1007
4.13,525.422,532.711,1751408.194,7.271E+04,7.155E+00,1.882E+01,3.135E+00,11.42761667,0.00187719,0.0263,1007,0.00001846,0.706814449,1007
4.14,525.454,532.727,1751512.691,7.256E+04,7.151E+00,1.881E+01,3.126E+00,11.42796224,0.001877134,0.0263,1007,0.00001846,0.706814449,1007
4.15,525.485,532.743,1751616.907,7.241E+04,7.147E+00,1.880E+01,3.118E+00,11.42830685,0.001877079,0.0263,1007,0.00001846,0.706814449,1007
4.16,525.516,532.758,1751720.841,7.225E+04,7.143E+00,1.879E+01,3.110E+00,11.42865052,0.001877024,0.0263,1007,0.00001846,0.706814449,1007
4.17,525.547,532.774,1751824.495,7.210E+04,7.139E+00,1.878E+01,3.101E+00,11.42899324,0.00187697,0.0263,1007,0.00001846,0.706814449,1007
4.18,525.578,532.789,1751927.87,7.195E+04,7.136E+00,1.877E+01,3.093E+00,11.42933501,0.001876915,0.0263,1007,0.00001846,0.706814449,1007
4.19,525.609,532.805,1752030.967,7.179E+04,7.132E+00,1.876E+01,3.085E+00,11.42967585,0.001876861,0.0263,1007,0.00001846,0.706814449,1007
4.2,525.640,532.820,1752133.786,7.164E+04,7.128E+00,1.875E+01,3.076E+00,11.43001575,0.001876806,0.0263,1007,0.00001846,0.706814449,1007
4.21,525.671,532.835,1752236.329,7.149E+04,7.124E+00,1.874E+01,3.068E+00,11.43035471,0.001876752,0.0263,1007,0.00001846,0.706814449,1007
4.22,525.702,532.851,1752338.596,7.134E+04,7.120E+00,1.873E+01,3.060E+00,11.43069275,0.001876698,0.0263,1007,0.00001846,0.706814449,1007
4.23,525.732,532.866,1752440.589,7.119E+04,7.116E+00,1.872E+01,3.052E+00,11.43102986,0.001876644,0.0263,1007,0.00001846,0.706814449,1007
4.24,525.763,532.881,1752542.308,7.104E+04,7.112E+00,1.871E+01,3.043E+00,11.43136604,0.00187659,0.0263,1007,0.00001846,0.706814449,1007
4.25,525.793,532.897,1752643.754,7.089E+04,7.108E+00,1.869E+01,3.035E+00,11.4317013,0.001876537,0.0263,1007,0.00001846,0.706814449,1007
4.26,525.823,532.912,1752744.928,7.074E+04,7.104E+00,1.868E+01,3.027E+00,11.43203565,0.001876483,0.0263,1007,0.00001846,0.706814449,1007
4.27,525.854,532.927,1752845.831,7.059E+04,7.101E+00,1.867E+01,3.019E+00,11.43236908,0.00187643,0.0263,1007,0.00001846,0.706814449,1007
4.28,525.884,532.942,1752946.463,7.044E+04,7.097E+00,1.866E+01,3.011E+00,11.43270159,0.001876377,0.0263,1007,0.00001846,0.706814449,1007
4.29,525.914,532.957,1753046.827,7.030E+04,7.093E+00,1.865E+01,3.003E+00,11.4330332,0.001876324,0.0263,1007,0.00001846,0.706814449,1007
4.3,525.944,532.972,1753146.921,7.015E+04,7.089E+00,1.864E+01,2.995E+00,11.43336391,0.001876271,0.0263,1007,0.00001846,0.706814449,1007
4.31,525.974,532.987,1753246.748,7.000E+04,7.085E+00,1.863E+01,2.987E+00,11.43369371,0.001876218,0.0263,1007,0.00001846,0.706814449,1007
4.32,526.004,533.002,1753346.309,6.985E+04,7.081E+00,1.862E+01,2.979E+00,11.43402261,0.001876166,0.0263,1007,0.00001846,0.706814449,1007
4.33,526.034,533.017,1753445.603,6.971E+04,7.077E+00,1.861E+01,2.971E+00,11.43435061,0.001876113,0.0263,1007,0.00001846,0.706814449,1007
4.34,526.063,533.032,1753544.632,6.956E+04,7.074E+00,1.860E+01,2.963E+00,11.43467772,0.001876061,0.0263,1007,0.00001846,0.706814449,1007
4.35,526.093,533.047,1753643.397,6.941E+04,7.070E+00,1.859E+01,2.955E+00,11.43500394,0.001876009,0.0263,1007,0.00001846,0.706814449,1007
4.36,526.123,533.061,1753741.899,6.927E+04,7.066E+00,1.858E+01,2.947E+00,11.43532927,0.001875957,0.0263,1007,0.00001846,0.706814449,1007
4.37,526.152,533.076,1753840.138,6.912E+04,7.062E+00,1.857E+01,2.939E+00,11.43565372,0.001875905,0.0263,1007,0.00001846,0.706814449,1007
4.38,526.181,533.091,1753938.116,6.898E+04,7.058E+00,1.856E+01,2.932E+00,11.43597728,0.001875853,0.0263,1007,0.00001846,0.706814449,1007
4.39,526.211,533.105,1754035.833,6.884E+04,7.055E+00,1.855E+01,2.924E+00,11.43629997,0.001875802,0.0263,1007,0.00001846,0.706814449,1007
4.4,526.240,533.120,1754133.289,6.869E+04,7.051E+00,1.854E+01,2.916E+00,11.43662178,0.00187575,0.0263,1007,0.00001846,0.706814449,1007
4.41,526.269,533.135,1754230.487,6.855E+04,7.047E+00,1.853E+01,2.908E+00,11.43694271,0.001875699,0.0263,1007,0.00001846,0.706814449,1007
4.42,526.298,533.149,1754327.426,6.840E+04,7.043E+00,1.852E+01,2.900E+00,11.43726278,0.001875648,0.0263,1007,0.00001846,0.706814449,1007
4.43,526.327,533.164,1754424.108,6.826E+04,7.039E+00,1.851E+01,2.893E+00,11.43758197,0.001875597,0.0263,1007,0.00001846,0.706814449,1007
4.44,526.356,533.178,1754520.533,6.812E+04,7.035E+00,1.850E+01,2.885E+00,11.43790031,0.001875546,0.0263,1007,0.00001846,0.706814449,1007
4.45,526.385,533.193,1754616.702,6.798E+04,7.032E+00,1.849E+01,2.877E+00,11.43821778,0.001875495,0.0263,1007,0.00001846,0.706814449,1007
4.46,526.414,533.207,1754712.617,6.784E+04,7.028E+00,1.848E+01,2.870E+00,11.43853439,0.001875445,0.0263,1007,0.00001846,0.706814449,1007
4.47,526.442,533.221,1754808.277,6.769E+04,7.024E+00,1.847E+01,2.862E+00,11.43885014,0.001875394,0.0263,1007,0.00001846,0.706814449,1007
4.48,526.471,533.236,1754903.683,6.755E+04,7.020E+00,1.846E+01,2.855E+00,11.43916505,0.001875344,0.0263,1007,0.00001846,0.706814449,1007
4.49,526.500,533.250,1754998.837,6.741E+04,7.017E+00,1.845E+01,2.847E+00,11.4394791,0.001875294,0.0263,1007,0.00001846,0.706814449,1007
4.5,526.528,533.264,1755093.739,6.727E+04,7.013E+00,1.844E+01,2.840E+00,11.4397923,0.001875244,0.0263,1007,0.00001846,0.706814449,1007
4.51,526.557,533.278,1755188.391,6.713E+04,7.009E+00,1.843E+01,2.832E+00,11.44010466,0.001875194,0.0263,1007,0.00001846,0.706814449,1007
4.52,526.585,533.292,1755282.792,6.699E+04,7.005E+00,1.842E+01,2.825E+00,11.44041618,0.001875144,0.0263,1007,0.00001846,0.706814449,1007
4.53,526.613,533.307,1755376.943,6.685E+04,7.002E+00,1.841E+01,2.817E+00,11.44072685,0.001875094,0.0263,1007,0.00001846,0.706814449,1007
4.54,526.641,533.321,1755470.846,6.671E+04,6.998E+00,1.840E+01,2.810E+00,11.44103669,0.001875045,0.0263,1007,0.00001846,0.706814449,1007
4.55,526.669,533.335,1755564.502,6.658E+04,6.994E+00,1.839E+01,2.802E+00,11.4413457,0.001874995,0.0263,1007,0.00001846,0.706814449,1007
4.56,526.697,533.349,1755657.91,6.644E+04,6.990E+00,1.838E+01,2.795E+00,11.44165388,0.001874946,0.0263,1007,0.00001846,0.706814449,1007
4.57,526.725,533.363,1755751.072,6.630E+04,6.987E+00,1.837E+01,2.787E+00,11.44196122,0.001874897,0.0263,1007,0.00001846,0.706814449,1007
4.58,526.753,533.377,1755843.988,6.616E+04,6.983E+00,1.836E+01,2.780E+00,11.44226775,0.001874848,0.0263,1007,0.00001846,0.706814449,1007
4.59,526.781,533.390,1755936.66,6.603E+04,6.979E+00,1.836E+01,2.773E+00,11.44257344,0.001874799,0.0263,1007,0.00001846,0.706814449,1007
4.6,526.809,533.404,1756029.088,6.589E+04,6.975E+00,1.835E+01,2.766E+00,11.44287832,0.00187475,0.0263,1007,0.00001846,0.706814449,1007
4.61,526.836,533.418,1756121.273,6.575E+04,6.972E+00,1.834E+01,2.758E+00,11.44318238,0.001874702,0.0263,1007,0.00001846,0.706814449,1007
4.62,526.864,533.432,1756213.216,6.562E+04,6.968E+00,1.833E+01,2.751E+00,11.44348563,0.001874653,0.0263,1007,0.00001846,0.706814449,1007
4.63,526.891,533.446,1756304.917,6.548E+04,6.964E+00,1.832E+01,2.744E+00,11.44378806,0.001874605,0.0263,1007,0.00001846,0.706814449,1007
4.64,526.919,533.459,1756396.377,6.535E+04,6.961E+00,1.831E+01,2.737E+00,11.44408968,0.001874557,0.0263,1007,0.00001846,0.706814449,1007
4.65,526.946,533.473,1756487.597,6.521E+04,6.957E+00,1.830E+01,2.729E+00,11.4443905,0.001874509,0.0263,1007,0.00001846,0.706814449,1007
4.66,526.974,533.487,1756578.578,6.508E+04,6.953E+00,1.829E+01,2.722E+00,11.44469051,0.001874461,0.0263,1007,0.00001846,0.706814449,1007
4.67,527.001,533.500,1756669.32,6.494E+04,6.949E+00,1.828E+01,2.715E+00,11.44498972,0.001874413,0.0263,1007,0.00001846,0.706814449,1007
4.68,527.028,533.514,1756759.825,6.481E+04,6.946E+00,1.827E+01,2.708E+00,11.44528813,0.001874365,0.0263,1007,0.00001846,0.706814449,1007
4.69,527.055,533.528,1756850.093,6.467E+04,6.942E+00,1.826E+01,2.701E+00,11.44558574,0.001874318,0.0263,1007,0.00001846,0.706814449,1007
4.7,527.082,533.541,1756940.124,6.454E+04,6.938E+00,1.825E+01,2.694E+00,11.44588256,0.00187427,0.0263,1007,0.00001846,0.706814449,1007
4.71,527.109,533.554,1757029.92,6.441E+04,6.935E+00,1.824E+01,2.687E+00,11.44617859,0.001874223,0.0263,1007,0.00001846,0.706814449,1007
4.72,527.136,533.568,1757119.481,6.428E+04,6.931E+00,1.823E+01,2.680E+00,11.44647383,0.001874176,0.0263,1007,0.00001846,0.706814449,1007
4.73,527.163,533.581,1757208.808,6.414E+04,6.927E+00,1.822E+01,2.673E+00,11.44676828,0.001874129,0.0263,1007,0.00001846,0.706814449,1007
4.74,527.189,533.595,1757297.901,6.401E+04,6.924E+00,1.821E+01,2.666E+00,11.44706195,0.001874082,0.0263,1007,0.00001846,0.706814449,1007
4.75,527.216,533.608,1757386.762,6.388E+04,6.920E+00,1.820E+01,2.659E+00,11.44735484,0.001874035,0.0263,1007,0.00001846,0.706814449,1007
4.76,527.243,533.621,1757475.391,6.375E+04,6.916E+00,1.819E+01,2.652E+00,11.44764695,0.001873988,0.0263,1007,0.00001846,0.706814449,1007
4.77,527.269,533.635,1757563.79,6.362E+04,6.913E+00,1.818E+01,2.645E+00,11.44793828,0.001873942,0.0263,1007,0.00001846,0.706814449,1007
4.78,527.296,533.648,1757651.957,6.349E+04,6.909E+00,1.817E+01,2.638E+00,11.44822884,0.001873895,0.0263,1007,0.00001846,0.706814449,1007
4.79,527.322,533.661,1757739.895,6.336E+04,6.905E+00,1.816E+01,2.631E+00,11.44851863,0.001873849,0.0263,1007,0.00001846,0.706814449,1007
4.8,527.348,533.674,1757827.604,6.323E+04,6.902E+00,1.815E+01,2.624E+00,11.44880765,0.001873803,0.0263,1007,0.00001846,0.706814449,1007
4.81,527.375,533.687,1757915.085,6.310E+04,6.898E+00,1.814E+01,2.618E+00,11.4490959,0.001873757,0.0263,1007,0.00001846,0.706814449,1007
4.82,527.401,533.700,1758002.339,6.297E+04,6.894E+00,1.813E+01,2.611E+00,11.44938339,0.001873711,0.0263,1007,0.00001846,0.706814449,1007
4.83,527.427,533.713,1758089.365,6.284E+04,6.891E+00,1.812E+01,2.604E+00,11.44967012,0.001873665,0.0263,1007,0.00001846,0.706814449,1007
4.84,527.453,533.726,1758176.166,6.271E+04,6.887E+00,1.811E+01,2.597E+00,11.44995609,0.001873619,0.0263,1007,0.00001846,0.706814449,1007
4.85,527.479,533.739,1758262.741,6.258E+04,6.884E+00,1.810E+01,2.591E+00,11.4502413,0.001873573,0.0263,1007,0.00001846,0.706814449,1007
4.86,527.505,533.752,1758349.092,6.246E+04,6.880E+00,1.809E+01,2.584E+00,11.45052576,0.001873528,0.0263,1007,0.00001846,0.706814449,1007
4.87,527.531,533.765,1758435.218,6.233E+04,6.876E+00,1.808E+01,2.577E+00,11.45080947,0.001873483,0.0263,1007,0.00001846,0.706814449,1007
4.88,527.556,533.778,1758521.122,6.220E+04,6.873E+00,1.808E+01,2.570E+00,11.45109243,0.001873437,0.0263,1007,0.00001846,0.706814449,1007
4.89,527.582,533.791,1758606.802,6.207E+04,6.869E+00,1.807E+01,2.564E+00,11.45137464,0.001873392,0.0263,1007,0.00001846,0.706814449,1007
4.9,527.608,533.804,1758692.261,6.195E+04,6.866E+00,1.806E+01,2.557E+00,11.45165611,0.001873347,0.0263,1007,0.00001846,0.706814449,1007
4.91,527.633,533.817,1758777.499,6.182E+04,6.862E+00,1.805E+01,2.551E+00,11.45193683,0.001873302,0.0263,1007,0.00001846,0.706814449,1007
4.92,527.659,533.829,1758862.516,6.169E+04,6.858E+00,1.804E+01,2.544E+00,11.45221682,0.001873258,0.0263,1007,0.00001846,0.706814449,1007
4.93,527.684,533.842,1758947.314,6.157E+04,6.855E+00,1.803E+01,2.537E+00,11.45249607,0.001873213,0.0263,1007,0.00001846,0.706814449,1007
4.94,527.710,533.855,1759031.892,6.144E+04,6.851E+00,1.802E+01,2.531E+00,11.45277458,0.001873169,0.0263,1007,0.00001846,0.706814449,1007
4.95,527.735,533.867,1759116.252,6.132E+04,6.848E+00,1.801E+01,2.524E+00,11.45305236,0.001873124,0.0263,1007,0.00001846,0.706814449,1007
4.96,527.760,533.880,1759200.394,6.119E+04,6.844E+00,1.800E+01,2.518E+00,11.45332942,0.00187308,0.0263,1007,0.00001846,0.706814449,1007
4.97,527.785,533.893,1759284.319,6.107E+04,6.840E+00,1.799E+01,2.511E+00,11.45360574,0.001873036,0.0263,1007,0.00001846,0.706814449,1007
4.98,527.810,533.905,1759368.028,6.095E+04,6.837E+00,1.798E+01,2.505E+00,11.45388134,0.001872992,0.0263,1007,0.00001846,0.706814449,1007
4.99,527.835,533.918,1759451.521,6.082E+04,6.833E+00,1.797E+01,2.498E+00,11.45415621,0.001872948,0.0263,1007,0.00001846,0.706814449,1007
5,527.860,533.930,1759534.799,6.070E+04,6.830E+00,1.796E+01,2.492E+00,11.45443037,0.001872904,0.0263,1007,0.00001846,0.706814449,1007
5.01,527.885,533.943,1759617.862,6.058E+04,6.826E+00,1.795E+01,2.485E+00,11.4547038,0.00187286,0.0263,1007,0.00001846,0.706814449,1007
5.02,527.910,533.955,1759700.712,6.045E+04,6.823E+00,1.794E+01,2.479E+00,11.45497652,0.001872817,0.0263,1007,0.00001846,0.706814449,1007
5.03,527.935,533.968,1759783.349,6.033E+04,6.819E+00,1.793E+01,2.473E+00,11.45524853,0.001872773,0.0263,1007,0.00001846,0.706814449,1007
5.04,527.960,533.980,1759865.773,6.021E+04,6.815E+00,1.792E+01,2.466E+00,11.45551982,0.00187273,0.0263,1007,0.00001846,0.706814449,1007
5.05,527.984,533.992,1759947.986,6.009E+04,6.812E+00,1.792E+01,2.460E+00,11.45579041,0.001872687,0.0263,1007,0.00001846,0.706814449,1007
5.06,528.009,534.004,1760029.988,5.996E+04,6.808E+00,1.791E+01,2.454E+00,11.45606028,0.001872643,0.0263,1007,0.00001846,0.706814449,1007
5.07,528.034,534.017,1760111.779,5.984E+04,6.805E+00,1.790E+01,2.447E+00,11.45632946,0.0018726,0.0263,1007,0.00001846,0.706814449,1007
5.08,528.058,534.029,1760193.36,5.972E+04,6.801E+00,1.789E+01,2.441E+00,11.45659792,0.001872557,0.0263,1007,0.00001846,0.706814449,1007
5.09,528.082,534.041,1760274.732,5.960E+04,6.798E+00,1.788E+01,2.435E+00,11.45686569,0.001872515,0.0263,1007,0.00001846,0.706814449,1007
5.1,528.107,534.053,1760355.896,5.948E+04,6.794E+00,1.787E+01,2.429E+00,11.45713277,0.001872472,0.0263,1007,0.00001846,0.706814449,1007
5.11,528.131,534.066,1760436.852,5.936E+04,6.791E+00,1.786E+01,2.422E+00,11.45739914,0.001872429,0.0263,1007,0.00001846,0.706814449,1007
5.12,528.155,534.078,1760517.601,5.924E+04,6.787E+00,1.785E+01,2.416E+00,11.45766482,0.001872387,0.0263,1007,0.00001846,0.706814449,1007
5.13,528.179,534.090,1760598.143,5.912E+04,6.784E+00,1.784E+01,2.410E+00,11.45792981,0.001872345,0.0263,1007,0.00001846,0.706814449,1007
5.14,528.204,534.102,1760678.479,5.900E+04,6.780E+00,1.783E+01,2.404E+00,11.45819411,0.001872302,0.0263,1007,0.00001846,0.706814449,1007
5.15,528.228,534.114,1760758.611,5.888E+04,6.777E+00,1.782E+01,2.398E+00,11.45845772,0.00187226,0.0263,1007,0.00001846,0.706814449,1007
5.16,528.252,534.126,1760838.537,5.877E+04,6.773E+00,1.781E+01,2.392E+00,11.45872065,0.001872218,0.0263,1007,0.00001846,0.706814449,1007
5.17,528.275,534.138,1760918.259,5.865E+04,6.770E+00,1.780E+01,2.386E+00,11.4589829,0.001872176,0.0263,1007,0.00001846,0.706814449,1007
5.18,528.299,534.150,1760997.778,5.853E+04,6.766E+00,1.780E+01,2.379E+00,11.45924446,0.001872134,0.0263,1007,0.00001846,0.706814449,1007
5.19,528.323,534.162,1761077.094,5.841E+04,6.763E+00,1.779E+01,2.373E+00,11.45950535,0.001872093,0.0263,1007,0.00001846,0.706814449,1007
5.2,528.347,534.173,1761156.209,5.829E+04,6.759E+00,1.778E+01,2.367E+00,11.45976556,0.001872051,0.0263,1007,0.00001846,0.706814449,1007
5.21,528.371,534.185,1761235.121,5.818E+04,6.756E+00,1.777E+01,2.361E+00,11.46002509,0.00187201,0.0263,1007,0.00001846,0.706814449,1007
5.22,528.394,534.197,1761313.833,5.806E+04,6.752E+00,1.776E+01,2.355E+00,11.46028395,0.001871968,0.0263,1007,0.00001846,0.706814449,1007
5.23,528.418,534.209,1761392.344,5.794E+04,6.749E+00,1.775E+01,2.349E+00,11.46054215,0.001871927,0.0263,1007,0.00001846,0.706814449,1007
5.24,528.441,534.221,1761470.656,5.783E+04,6.745E+00,1.774E+01,2.343E+00,11.46079967,0.001871886,0.0263,1007,0.00001846,0.706814449,1007
5.25,528.465,534.232,1761548.769,5.771E+04,6.742E+00,1.773E+01,2.337E+00,11.46105653,0.001871845,0.0263,1007,0.00001846,0.706814449,1007
5.26,528.488,534.244,1761626.683,5.760E+04,6.738E+00,1.772E+01,2.331E+00,11.46131273,0.001871804,0.0263,1007,0.00001846,0.706814449,1007
5.27,528.511,534.256,1761704.399,5.748E+04,6.735E+00,1.771E+01,2.326E+00,11.46156826,0.001871763,0.0263,1007,0.00001846,0.706814449,1007
5.28,528.535,534.267,1761781.918,5.737E+04,6.731E+00,1.770E+01,2.320E+00,11.46182313,0.001871722,0.0263,1007,0.00001846,0.706814449,1007
5.29,528.558,534.279,1761859.241,5.725E+04,6.728E+00,1.769E+01,2.314E+00,11.46207735,0.001871682,0.0263,1007,0.00001846,0.706814449,1007
5.3,528.581,534.290,1761936.367,5.714E+04,6.725E+00,1.769E+01,2.308E+00,11.46233091,0.001871641,0.0263,1007,0.00001846,0.706814449,1007
5.31,528.604,534.302,1762013.298,5.702E+04,6.721E+00,1.768E+01,2.302E+00,11.46258382,0.001871601,0.0263,1007,0.00001846,0.706814449,1007
5.32,528.627,534.314,1762090.035,5.691E+04,6.718E+00,1.767E+01,2.296E+00,11.46283607,0.00187156,0.0263,1007,0.00001846,0.706814449,1007
5.33,528.650,534.325,1762166.577,5.679E+04,6.714E+00,1.766E+01,2.290E+00,11.46308768,0.00187152,0.0263,1007,0.00001846,0.706814449,1007
5.34,528.673,534.336,1762242.925,5.668E+04,6.711E+00,1.765E+01,2.285E+00,11.46333864,0.00187148,0.0263,1007,0.00001846,0.706814449,1007
5.35,528.696,534.348,1762319.08,5.657E+04,6.707E+00,1.764E+01,2.279E+00,11.46358895,0.00187144,0.0263,1007,0.00001846,0.706814449,1007
5.36,528.719,534.359,1762395.043,5.646E+04,6.704E+00,1.763E+01,2.273E+00,11.46383862,0.0018714,0.0263,1007,0.00001846,0.706814449,1007
5.37,528.741,534.371,1762470.814,5.634E+04,6.701E+00,1.762E+01,2.267E+00,11.46408765,0.00187136,0.0263,1007,0.00001846,0.706814449,1007
5.38,528.764,534.382,1762546.394,5.623E+04,6.697E+00,1.761E+01,2.262E+00,11.46433604,0.001871321,0.0263,1007,0.00001846,0.706814449,1007
5.39,528.787,534.393,1762621.783,5.612E+04,6.694E+00,1.760E+01,2.256E+00,11.4645838,0.001871281,0.0263,1007,0.00001846,0.706814449,1007
5.4,528.809,534.405,1762696.982,5.601E+04,6.690E+00,1.760E+01,2.250E+00,11.46483091,0.001871242,0.0263,1007,0.00001846,0.706814449,1007
5.41,528.832,534.416,1762771.991,5.590E+04,6.687E+00,1.759E+01,2.245E+00,11.4650774,0.001871202,0.0263,1007,0.00001846,0.706814449,1007
5.42,528.854,534.427,1762846.811,5.578E+04,6.683E+00,1.758E+01,2.239E+00,11.46532325,0.001871163,0.0263,1007,0.00001846,0.706814449,1007
5.43,528.876,534.438,1762921.443,5.567E+04,6.680E+00,1.757E+01,2.233E+00,11.46556848,0.001871124,0.0263,1007,0.00001846,0.706814449,1007
5.44,528.899,534.449,1762995.887,5.556E+04,6.677E+00,1.756E+01,2.228E+00,11.46581307,0.001871085,0.0263,1007,0.00001846,0.706814449,1007
5.45,528.921,534.461,1763070.144,5.545E+04,6.673E+00,1.755E+01,2.222E+00,11.46605704,0.001871046,0.0263,1007,0.00001846,0.706814449,1007
5.46,528.943,534.472,1763144.214,5.534E+04,6.670E+00,1.754E+01,2.217E+00,11.46630039,0.001871007,0.0263,1007,0.00001846,0.706814449,1007
5.47,528.965,534.483,1763218.098,5.523E+04,6.667E+00,1.753E+01,2.211E+00,11.46654312,0.001870968,0.0263,1007,0.00001846,0.706814449,1007
5.48,528.988,534.494,1763291.797,5.512E+04,6.663E+00,1.752E+01,2.205E+00,11.46678522,0.001870929,0.0263,1007,0.00001846,0.706814449,1007
5.49,529.010,534.505,1763365.31,5.501E+04,6.660E+00,1.752E+01,2.200E+00,11.46702671,0.001870891,0.0263,1007,0.00001846,0.706814449,1007
5.5,529.032,534.516,1763438.639,5.491E+04,6.656E+00,1.751E+01,2.194E+00,11.46726759,0.001870852,0.0263,1007,0.00001846,0.706814449,1007
5.51,529.054,534.527,1763511.785,5.480E+04,6.653E+00,1.750E+01,2.189E+00,11.46750784,0.001870814,0.0263,1007,0.00001846,0.706814449,1007
5.52,529.075,534.538,1763584.746,5.469E+04,6.650E+00,1.749E+01,2.183E+00,11.46774749,0.001870775,0.0263,1007,0.00001846,0.706814449,1007
5.53,529.097,534.549,1763657.526,5.458E+04,6.646E+00,1.748E+01,2.178E+00,11.46798653,0.001870737,0.0263,1007,0.00001846,0.706814449,1007
5.54,529.119,534.560,1763730.122,5.447E+04,6.643E+00,1.747E+01,2.172E+00,11.46822496,0.001870699,0.0263,1007,0.00001846,0.706814449,1007
5.55,529.141,534.570,1763802.538,5.436E+04,6.640E+00,1.746E+01,2.167E+00,11.46846278,0.001870661,0.0263,1007,0.00001846,0.706814449,1007
5.56,529.162,534.581,1763874.772,5.426E+04,6.636E+00,1.745E+01,2.162E+00,11.4687,0.001870623,0.0263,1007,0.00001846,0.706814449,1007
5.57,529.184,534.592,1763946.825,5.415E+04,6.633E+00,1.744E+01,2.156E+00,11.46893661,0.001870585,0.0263,1007,0.00001846,0.706814449,1007
5.58,529.206,534.603,1764018.699,5.404E+04,6.629E+00,1.744E+01,2.151E+00,11.46917263,0.001870548,0.0263,1007,0.00001846,0.706814449,1007
5.59,529.227,534.614,1764090.393,5.394E+04,6.626E+00,1.743E+01,2.145E+00,11.46940804,0.00187051,0.0263,1007,0.00001846,0.706814449,1007
5.6,529.249,534.624,1764161.908,5.383E+04,6.623E+00,1.742E+01,2.140E+00,11.46964286,0.001870472,0.0263,1007,0.00001846,0.706814449,1007
5.61,529.270,534.635,1764233.244,5.372E+04,6.619E+00,1.741E+01,2.135E+00,11.46987708,0.001870435,0.0263,1007,0.00001846,0.706814449,1007
5.62,529.291,534.646,1764304.403,5.362E+04,6.616E+00,1.740E+01,2.129E+00,11.47011071,0.001870398,0.0263,1007,0.00001846,0.706814449,1007
5.63,529.313,534.656,1764375.385,5.351E+04,6.613E+00,1.739E+01,2.124E+00,11.47034375,0.00187036,0.0263,1007,0.00001846,0.706814449,1007
5.64,529.334,534.667,1764446.189,5.341E+04,6.609E+00,1.738E+01,2.119E+00,11.4705762,0.001870323,0.0263,1007,0.00001846,0.706814449,1007
5.65,529.355,534.678,1764516.818,5.330E+04,6.606E+00,1.737E+01,2.114E+00,11.47080806,0.001870286,0.0263,1007,0.00001846,0.706814449,1007
5.66,529.376,534.688,1764587.27,5.320E+04,6.603E+00,1.737E+01,2.108E+00,11.47103934,0.001870249,0.0263,1007,0.00001846,0.706814449,1007
5.67,529.397,534.699,1764657.548,5.309E+04,6.600E+00,1.736E+01,2.103E+00,11.47127003,0.001870212,0.0263,1007,0.00001846,0.706814449,1007
5.68,529.418,534.709,1764727.65,5.299E+04,6.596E+00,1.735E+01,2.098E+00,11.47150014,0.001870176,0.0263,1007,0.00001846,0.706814449,1007
5.69,529.439,534.720,1764797.579,5.289E+04,6.593E+00,1.734E+01,2.093E+00,11.47172967,0.001870139,0.0263,1007,0.00001846,0.706814449,1007
5.7,529.460,534.730,1764867.334,5.278E+04,6.590E+00,1.733E+01,2.087E+00,11.47195861,0.001870102,0.0263,1007,0.00001846,0.706814449,1007
5.71,529.481,534.741,1764936.916,5.268E+04,6.586E+00,1.732E+01,2.082E+00,11.47218699,0.001870066,0.0263,1007,0.00001846,0.706814449,1007
5.72,529.502,534.751,1765006.325,5.258E+04,6.583E+00,1.731E+01,2.077E+00,11.47241478,0.001870029,0.0263,1007,0.00001846,0.706814449,1007
5.73,529.523,534.761,1765075.562,5.247E+04,6.580E+00,1.730E+01,2.072E+00,11.472642,0.001869993,0.0263,1007,0.00001846,0.706814449,1007
5.74,529.543,534.772,1765144.628,5.237E+04,6.576E+00,1.730E+01,2.067E+00,11.47286865,0.001869957,0.0263,1007,0.00001846,0.706814449,1007
5.75,529.564,534.782,1765213.522,5.227E+04,6.573E+00,1.729E+01,2.062E+00,11.47309473,0.001869921,0.0263,1007,0.00001846,0.706814449,1007
5.76,529.585,534.792,1765282.246,5.216E+04,6.570E+00,1.728E+01,2.057E+00,11.47332025,0.001869885,0.0263,1007,0.00001846,0.706814449,1007
5.77,529.605,534.803,1765350.8,5.206E+04,6.567E+00,1.727E+01,2.052E+00,11.47354519,0.001869849,0.0263,1007,0.00001846,0.706814449,1007
5.78,529.626,534.813,1765419.184,5.196E+04,6.563E+00,1.726E+01,2.046E+00,11.47376957,0.001869813,0.0263,1007,0.00001846,0.706814449,1007
5.79,529.646,534.823,1765487.4,5.186E+04,6.560E+00,1.725E+01,2.041E+00,11.47399339,0.001869777,0.0263,1007,0.00001846,0.706814449,1007
5.8,529.667,534.833,1765555.446,5.176E+04,6.557E+00,1.724E+01,2.036E+00,11.47421665,0.001869741,0.0263,1007,0.00001846,0.706814449,1007
5.81,529.687,534.843,1765623.325,5.166E+04,6.553E+00,1.724E+01,2.031E+00,11.47443934,0.001869706,0.0263,1007,0.00001846,0.706814449,1007
5.82,529.707,534.854,1765691.036,5.156E+04,6.550E+00,1.723E+01,2.026E+00,11.47466148,0.00186967,0.0263,1007,0.00001846,0.706814449,1007
5.83,529.728,534.864,1765758.581,5.146E+04,6.547E+00,1.722E+01,2.021E+00,11.47488306,0.001869635,0.0263,1007,0.00001846,0.706814449,1007
5.84,529.748,534.874,1765825.958,5.136E+04,6.544E+00,1.721E+01,2.016E+00,11.47510409,0.0018696,0.0263,1007,0.00001846,0.706814449,1007
5.85,529.768,534.884,1765893.17,5.126E+04,6.540E+00,1.720E+01,2.011E+00,11.47532456,0.001869564,0.0263,1007,0.00001846,0.706814449,1007
5.86,529.788,534.894,1765960.216,5.116E+04,6.537E+00,1.719E+01,2.006E+00,11.47554449,0.001869529,0.0263,1007,0.00001846,0.706814449,1007
5.87,529.808,534.904,1766027.097,5.106E+04,6.534E+00,1.718E+01,2.001E+00,11.47576386,0.001869494,0.0263,1007,0.00001846,0.706814449,1007
5.88,529.828,534.914,1766093.814,5.096E+04,6.531E+00,1.718E+01,1.997E+00,11.47598268,0.001869459,0.0263,1007,0.00001846,0.706814449,1007
5.89,529.848,534.924,1766160.366,5.086E+04,6.527E+00,1.717E+01,1.992E+00,11.47620096,0.001869424,0.0263,1007,0.00001846,0.706814449,1007
5.9,529.868,534.934,1766226.755,5.076E+04,6.524E+00,1.716E+01,1.987E+00,11.4764187,0.001869389,0.0263,1007,0.00001846,0.706814449,1007
5.91,529.888,534.944,1766292.981,5.066E+04,6.521E+00,1.715E+01,1.982E+00,11.47663589,0.001869355,0.0263,1007,0.00001846,0.706814449,1007
5.92,529.908,534.954,1766359.044,5.056E+04,6.518E+00,1.714E+01,1.977E+00,11.47685254,0.00186932,0.0263,1007,0.00001846,0.706814449,1007
5.93,529.927,534.964,1766424.945,5.046E+04,6.515E+00,1.713E+01,1.972E+00,11.47706865,0.001869286,0.0263,1007,0.00001846,0.706814449,1007
5.94,529.947,534.974,1766490.684,5.037E+04,6.511E+00,1.712E+01,1.967E+00,11.47728422,0.001869251,0.0263,1007,0.00001846,0.706814449,1007
5.95,529.967,534.983,1766556.263,5.027E+04,6.508E+00,1.712E+01,1.963E+00,11.47749926,0.001869217,0.0263,1007,0.00001846,0.706814449,1007
5.96,529.987,534.993,1766621.68,5.017E+04,6.505E+00,1.711E+01,1.958E+00,11.47771376,0.001869182,0.0263,1007,0.00001846,0.706814449,1007
5.97,530.006,535.003,1766686.937,5.007E+04,6.502E+00,1.710E+01,1.953E+00,11.47792773,0.001869148,0.0263,1007,0.00001846,0.706814449,1007
5.98,530.026,535.013,1766752.035,4.998E+04,6.498E+00,1.709E+01,1.948E+00,11.47814116,0.001869114,0.0263,1007,0.00001846,0.706814449,1007
5.99,530.045,535.023,1766816.973,4.988E+04,6.495E+00,1.708E+01,1.943E+00,11.47835407,0.00186908,0.0263,1007,0.00001846,0.706814449,1007
6,530.065,535.032,1766881.753,4.978E+04,6.492E+00,1.707E+01,1.939E+00,11.47856645,0.001869046,0.0263,1007,0.00001846,0.706814449,1007
6.01,530.084,535.042,1766946.374,4.969E+04,6.489E+00,1.707E+01,1.934E+00,11.4787783,0.001869012,0.0263,1007,0.00001846,0.706814449,1007
6.02,530.103,535.052,1767010.837,4.959E+04,6.486E+00,1.706E+01,1.929E+00,11.47898962,0.001868979,0.0263,1007,0.00001846,0.706814449,1007
6.03,530.123,535.061,1767075.143,4.950E+04,6.482E+00,1.705E+01,1.924E+00,11.47920043,0.001868945,0.0263,1007,0.00001846,0.706814449,1007
6.04,530.142,535.071,1767139.292,4.940E+04,6.479E+00,1.704E+01,1.920E+00,11.47941071,0.001868911,0.0263,1007,0.00001846,0.706814449,1007
6.05,530.161,535.080,1767203.284,4.931E+04,6.476E+00,1.703E+01,1.915E+00,11.47962047,0.001868878,0.0263,1007,0.00001846,0.706814449,1007
6.06,530.180,535.090,1767267.12,4.921E+04,6.473E+00,1.702E+01,1.910E+00,11.47982971,0.001868844,0.0263,1007,0.00001846,0.706814449,1007
6.07,530.199,535.100,1767330.801,4.912E+04,6.470E+00,1.702E+01,1.906E+00,11.48003843,0.001868811,0.0263,1007,0.00001846,0.706814449,1007
6.08,530.218,535.109,1767394.327,4.902E+04,6.467E+00,1.701E+01,1.901E+00,11.48024664,0.001868778,0.0263,1007,0.00001846,0.706814449,1007
6.09,530.237,535.119,1767457.698,4.893E+04,6.463E+00,1.700E+01,1.897E+00,11.48045433,0.001868744,0.0263,1007,0.00001846,0.706814449,1007
6.1,530.256,535.128,1767520.915,4.883E+04,6.460E+00,1.699E+01,1.892E+00,11.48066151,0.001868711,0.0263,1007,0.00001846,0.706814449,1007
6.11,530.275,535.138,1767583.978,4.874E+04,6.457E+00,1.698E+01,1.887E+00,11.48086818,0.001868678,0.0263,1007,0.00001846,0.706814449,1007
6.12,530.294,535.147,1767646.888,4.865E+04,6.454E+00,1.697E+01,1.883E+00,11.48107434,0.001868645,0.0263,1007,0.00001846,0.706814449,1007
6.13,530.313,535.156,1767709.645,4.855E+04,6.451E+00,1.697E+01,1.878E+00,11.48127999,0.001868612,0.0263,1007,0.00001846,0.706814449,1007
6.14,530.332,535.166,1767772.249,4.846E+04,6.448E+00,1.696E+01,1.874E+00,11.48148514,0.00186858,0.0263,1007,0.00001846,0.706814449,1007
6.15,530.350,535.175,1767834.702,4.837E+04,6.444E+00,1.695E+01,1.869E+00,11.48168978,0.001868547,0.0263,1007,0.00001846,0.706814449,1007
6.16,530.369,535.185,1767897.003,4.827E+04,6.441E+00,1.694E+01,1.865E+00,11.48189391,0.001868514,0.0263,1007,0.00001846,0.706814449,1007
6.17,530.388,535.194,1767959.153,4.818E+04,6.438E+00,1.693E+01,1.860E+00,11.48209755,0.001868482,0.0263,1007,0.00001846,0.706814449,1007
6.18,530.406,535.203,1768021.153,4.809E+04,6.435E+00,1.692E+01,1.855E+00,11.48230068,0.001868449,0.0263,1007,0.00001846,0.706814449,1007
6.19,530.425,535.212,1768083.002,4.800E+04,6.432E+00,1.692E+01,1.851E+00,11.48250331,0.001868417,0.0263,1007,0.00001846,0.706814449,1007
6.2,530.443,535.222,1768144.701,4.790E+04,6.429E+00,1.691E+01,1.847E+00,11.48270545,0.001868385,0.0263,1007,0.00001846,0.706814449,1007
6.21,530.462,535.231,1768206.252,4.781E+04,6.426E+00,1.690E+01,1.842E+00,11.48290709,0.001868352,0.0263,1007,0.00001846,0.706814449,1007
6.22,530.480,535.240,1768267.653,4.772E+04,6.422E+00,1.689E+01,1.838E+00,11.48310824,0.00186832,0.0263,1007,0.00001846,0.706814449,1007
6.23,530.499,535.249,1768328.906,4.763E+04,6.419E+00,1.688E+01,1.833E+00,11.48330889,0.001868288,0.0263,1007,0.00001846,0.706814449,1007
6.24,530.517,535.259,1768390.011,4.754E+04,6.416E+00,1.687E+01,1.829E+00,11.48350905,0.001868256,0.0263,1007,0.00001846,0.706814449,1007
6.25,530.535,535.268,1768450.968,4.745E+04,6.413E+00,1.687E+01,1.824E+00,11.48370872,0.001868224,0.0263,1007,0.00001846,0.706814449,1007
6.26,530.554,535.277,1768511.778,4.736E+04,6.410E+00,1.686E+01,1.820E+00,11.48390791,0.001868192,0.0263,1007,0.00001846,0.706814449,1007
6.27,530.572,535.286,1768572.442,4.727E+04,6.407E+00,1.685E+01,1.816E+00,11.4841066,0.001868161,0.0263,1007,0.00001846,0.706814449,1007
6.28,530.590,535.295,1768632.959,4.718E+04,6.404E+00,1.684E+01,1.811E+00,11.48430481,0.001868129,0.0263,1007,0.00001846,0.706814449,1007
6.29,530.608,535.304,1768693.33,4.709E+04,6.401E+00,1.683E+01,1.807E+00,11.48450254,0.001868097,0.0263,1007,0.00001846,0.706814449,1007
6.3,530.626,535.313,1768753.556,4.700E+04,6.397E+00,1.683E+01,1.802E+00,11.48469978,0.001868066,0.0263,1007,0.00001846,0.706814449,1007
6.31,530.644,535.322,1768813.637,4.691E+04,6.394E+00,1.682E+01,1.798E+00,11.48489654,0.001868034,0.0263,1007,0.00001846,0.706814449,1007
6.32,530.662,535.331,1768873.573,4.682E+04,6.391E+00,1.681E+01,1.794E+00,11.48509282,0.001868003,0.0263,1007,0.00001846,0.706814449,1007
6.33,530.680,535.340,1768933.365,4.673E+04,6.388E+00,1.680E+01,1.789E+00,11.48528862,0.001867972,0.0263,1007,0.00001846,0.706814449,1007
6.34,530.698,535.349,1768993.014,4.664E+04,6.385E+00,1.679E+01,1.785E+00,11.48548394,0.001867941,0.0263,1007,0.00001846,0.706814449,1007
6.35,530.716,535.358,1769052.519,4.655E+04,6.382E+00,1.678E+01,1.781E+00,11.48567879,0.001867909,0.0263,1007,0.00001846,0.706814449,1007
6.36,530.734,535.367,1769111.881,4.646E+04,6.379E+00,1.678E+01,1.777E+00,11.48587316,0.001867878,0.0263,1007,0.00001846,0.706814449,1007
6.37,530.751,535.376,1769171.1,4.637E+04,6.376E+00,1.677E+01,1.772E+00,11.48606706,0.001867847,0.0263,1007,0.00001846,0.706814449,1007
6.38,530.769,535.385,1769230.178,4.629E+04,6.373E+00,1.676E+01,1.768E+00,11.48626049,0.001867816,0.0263,1007,0.00001846,0.706814449,1007
6.39,530.787,535.393,1769289.113,4.620E+04,6.370E+00,1.675E+01,1.764E+00,11.48645345,0.001867786,0.0263,1007,0.00001846,0.706814449,1007
6.4,530.804,535.402,1769347.908,4.611E+04,6.367E+00,1.674E+01,1.760E+00,11.48664594,0.001867755,0.0263,1007,0.00001846,0.706814449,1007
6.41,530.822,535.411,1769406.561,4.602E+04,6.364E+00,1.674E+01,1.755E+00,11.48683796,0.001867724,0.0263,1007,0.00001846,0.706814449,1007
6.42,530.840,535.420,1769465.075,4.594E+04,6.360E+00,1.673E+01,1.751E+00,11.48702952,0.001867693,0.0263,1007,0.00001846,0.706814449,1007
6.43,530.857,535.429,1769523.448,4.585E+04,6.357E+00,1.672E+01,1.747E+00,11.48722061,0.001867663,0.0263,1007,0.00001846,0.706814449,1007
6.44,530.875,535.437,1769581.681,4.576E+04,6.354E+00,1.671E+01,1.743E+00,11.48741124,0.001867632,0.0263,1007,0.00001846,0.706814449,1007
6.45,530.892,535.446,1769639.775,4.568E+04,6.351E+00,1.670E+01,1.739E+00,11.4876014,0.001867602,0.0263,1007,0.00001846,0.706814449,1007
6.46,530.909,535.455,1769697.731,4.559E+04,6.348E+00,1.670E+01,1.735E+00,11.48779111,0.001867572,0.0263,1007,0.00001846,0.706814449,1007
6.47,530.927,535.463,1769755.548,4.550E+04,6.345E+00,1.669E+01,1.730E+00,11.48798036,0.001867542,0.0263,1007,0.00001846,0.706814449,1007
6.48,530.944,535.472,1769813.226,4.542E+04,6.342E+00,1.668E+01,1.726E+00,11.48816914,0.001867511,0.0263,1007,0.00001846,0.706814449,1007
6.49,530.961,535.481,1769870.768,4.533E+04,6.339E+00,1.667E+01,1.722E+00,11.48835747,0.001867481,0.0263,1007,0.00001846,0.706814449,1007
6.5,530.978,535.489,1769928.172,4.525E+04,6.336E+00,1.666E+01,1.718E+00,11.48854535,0.001867451,0.0263,1007,0.00001846,0.706814449,1007
6.51,530.996,535.498,1769985.439,4.516E+04,6.333E+00,1.666E+01,1.714E+00,11.48873277,0.001867421,0.0263,1007,0.00001846,0.706814449,1007
6.52,531.013,535.506,1770042.569,4.507E+04,6.330E+00,1.665E+01,1.710E+00,11.48891974,0.001867391,0.0263,1007,0.00001846,0.706814449,1007
6.53,531.030,535.515,1770099.564,4.499E+04,6.327E+00,1.664E+01,1.706E+00,11.48910626,0.001867362,0.0263,1007,0.00001846,0.706814449,1007
6.54,531.047,535.523,1770156.423,4.490E+04,6.324E+00,1.663E+01,1.702E+00,11.48929233,0.001867332,0.0263,1007,0.00001846,0.706814449,1007
6.55,531.064,535.532,1770213.146,4.482E+04,6.321E+00,1.662E+01,1.698E+00,11.48947795,0.001867302,0.0263,1007,0.00001846,0.706814449,1007
6.56,531.081,535.540,1770269.735,4.474E+04,6.318E+00,1.662E+01,1.694E+00,11.48966312,0.001867273,0.0263,1007,0.00001846,0.706814449,1007
6.57,531.098,535.549,1770326.189,4.465E+04,6.315E+00,1.661E+01,1.690E+00,11.48984785,0.001867243,0.0263,1007,0.00001846,0.706814449,1007
6.58,531.115,535.557,1770382.509,4.457E+04,6.312E+00,1.660E+01,1.686E+00,11.49003213,0.001867214,0.0263,1007,0.00001846,0.706814449,1007
6.59,531.132,535.566,1770438.695,4.448E+04,6.309E+00,1.659E+01,1.682E+00,11.49021596,0.001867184,0.0263,1007,0.00001846,0.706814449,1007
6.6,531.148,535.574,1770494.748,4.440E+04,6.306E+00,1.658E+01,1.678E+00,11.49039936,0.001867155,0.0263,1007,0.00001846,0.706814449,1007
6.61,531.165,535.583,1770550.668,4.432E+04,6.303E+00,1.658E+01,1.674E+00,11.49058231,0.001867126,0.0263,1007,0.00001846,0.706814449,1007
6.62,531.182,535.591,1770606.455,4.423E+04,6.300E+00,1.657E+01,1.670E+00,11.49076483,0.001867096,0.0263,1007,0.00001846,0.706814449,1007
6.63,531.199,535.599,1770662.11,4.415E+04,6.297E+00,1.656E+01,1.666E+00,11.49094691,0.001867067,0.0263,1007,0.00001846,0.706814449,1007
6.64,531.215,535.608,1770717.633,4.407E+04,6.294E+00,1.655E+01,1.662E+00,11.49112855,0.001867038,0.0263,1007,0.00001846,0.706814449,1007
6.65,531.232,535.616,1770773.025,4.398E+04,6.291E+00,1.654E+01,1.658E+00,11.49130975,0.001867009,0.0263,1007,0.00001846,0.706814449,1007
6.66,531.248,535.624,1770828.286,4.390E+04,6.288E+00,1.654E+01,1.654E+00,11.49149052,0.00186698,0.0263,1007,0.00001846,0.706814449,1007
6.67,531.265,535.633,1770883.416,4.382E+04,6.285E+00,1.653E+01,1.650E+00,11.49167086,0.001866952,0.0263,1007,0.00001846,0.706814449,1007
6.68,531.282,535.641,1770938.415,4.374E+04,6.282E+00,1.652E+01,1.646E+00,11.49185076,0.001866923,0.0263,1007,0.00001846,0.706814449,1007
6.69,531.298,535.649,1770993.285,4.366E+04,6.279E+00,1.651E+01,1.642E+00,11.49203024,0.001866894,0.0263,1007,0.00001846,0.706814449,1007
6.7,531.314,535.657,1771048.025,4.357E+04,6.276E+00,1.651E+01,1.638E+00,11.49220928,0.001866866,0.0263,1007,0.00001846,0.706814449,1007
6.71,531.331,535.665,1771102.635,4.349E+04,6.273E+00,1.650E+01,1.634E+00,11.4923879,0.001866837,0.0263,1007,0.00001846,0.706814449,1007
6.72,531.347,535.674,1771157.117,4.341E+04,6.270E+00,1.649E+01,1.631E+00,11.49256609,0.001866809,0.0263,1007,0.00001846,0.706814449,1007
6.73,531.363,535.682,1771211.471,4.333E+04,6.267E+00,1.648E+01,1.627E+00,11.49274385,0.00186678,0.0263,1007,0.00001846,0.706814449,1007
6.74,531.380,535.690,1771265.696,4.325E+04,6.264E+00,1.647E+01,1.623E+00,11.49292119,0.001866752,0.0263,1007,0.00001846,0.706814449,1007
6.75,531.396,535.698,1771319.793,4.317E+04,6.261E+00,1.647E+01,1.619E+00,11.49309811,0.001866724,0.0263,1007,0.00001846,0.706814449,1007
6.76,531.412,535.706,1771373.763,4.309E+04,6.258E+00,1.646E+01,1.615E+00,11.4932746,0.001866695,0.0263,1007,0.00001846,0.706814449,1007
6.77,531.428,535.714,1771427.606,4.301E+04,6.255E+00,1.645E+01,1.611E+00,11.49345067,0.001866667,0.0263,1007,0.00001846,0.706814449,1007
6.78,531.444,535.722,1771481.323,4.293E+04,6.252E+00,1.644E+01,1.608E+00,11.49362633,0.001866639,0.0263,1007,0.00001846,0.706814449,1007
6.79,531.460,535.730,1771534.912,4.285E+04,6.249E+00,1.644E+01,1.604E+00,11.49380156,0.001866611,0.0263,1007,0.00001846,0.706814449,1007
6.8,531.477,535.738,1771588.376,4.277E+04,6.246E+00,1.643E+01,1.600E+00,11.49397638,0.001866583,0.0263,1007,0.00001846,0.706814449,1007
6.81,531.493,535.746,1771641.715,4.269E+04,6.243E+00,1.642E+01,1.596E+00,11.49415078,0.001866555,0.0263,1007,0.00001846,0.706814449,1007
6.82,531.508,535.754,1771694.928,4.261E+04,6.240E+00,1.641E+01,1.593E+00,11.49432477,0.001866527,0.0263,1007,0.00001846,0.706814449,1007
6.83,531.524,535.762,1771748.016,4.253E+04,6.237E+00,1.640E+01,1.589E+00,11.49449834,0.0018665,0.0263,1007,0.00001846,0.706814449,1007
6.84,531.540,535.770,1771800.98,4.245E+04,6.234E+00,1.640E+01,1.585E+00,11.4946715,0.001866472,0.0263,1007,0.00001846,0.706814449,1007
6.85,531.556,535.778,1771853.819,4.237E+04,6.232E+00,1.639E+01,1.581E+00,11.49484425,0.001866444,0.0263,1007,0.00001846,0.706814449,1007
6.86,531.572,535.786,1771906.535,4.229E+04,6.229E+00,1.638E+01,1.578E+00,11.49501659,0.001866417,0.0263,1007,0.00001846,0.706814449,1007
6.87,531.588,535.794,1771959.127,4.221E+04,6.226E+00,1.637E+01,1.574E+00,11.49518853,0.001866389,0.0263,1007,0.00001846,0.706814449,1007
6.88,531.603,535.802,1772011.596,4.214E+04,6.223E+00,1.637E+01,1.570E+00,11.49536005,0.001866362,0.0263,1007,0.00001846,0.706814449,1007
6.89,531.619,535.810,1772063.942,4.206E+04,6.220E+00,1.636E+01,1.567E+00,11.49553117,0.001866335,0.0263,1007,0.00001846,0.706814449,1007
6.9,531.635,535.817,1772116.165,4.198E+04,6.217E+00,1.635E+01,1.563E+00,11.49570188,0.001866307,0.0263,1007,0.00001846,0.706814449,1007
6.91,531.650,535.825,1772168.267,4.190E+04,6.214E+00,1.634E+01,1.559E+00,11.49587219,0.00186628,0.0263,1007,0.00001846,0.706814449,1007
6.92,531.666,535.833,1772220.247,4.182E+04,6.211E+00,1.634E+01,1.556E+00,11.49604209,0.001866253,0.0263,1007,0.00001846,0.706814449,1007
6.93,531.682,535.841,1772272.105,4.175E+04,6.208E+00,1.633E+01,1.552E+00,11.49621159,0.001866226,0.0263,1007,0.00001846,0.706814449,1007
6.94,531.697,535.849,1772323.842,4.167E+04,6.205E+00,1.632E+01,1.548E+00,11.4963807,0.001866199,0.0263,1007,0.00001846,0.706814449,1007
6.95,531.713,535.856,1772375.459,4.159E+04,6.202E+00,1.631E+01,1.545E+00,11.4965494,0.001866172,0.0263,1007,0.00001846,0.706814449,1007
6.96,531.728,535.864,1772426.955,4.152E+04,6.199E+00,1.630E+01,1.541E+00,11.4967177,0.001866145,0.0263,1007,0.00001846,0.706814449,1007
6.97,531.743,535.872,1772478.331,4.144E+04,6.197E+00,1.630E+01,1.538E+00,11.49688561,0.001866118,0.0263,1007,0.00001846,0.706814449,1007
6.98,531.759,535.879,1772529.588,4.136E+04,6.194E+00,1.629E+01,1.534E+00,11.49705312,0.001866091,0.0263,1007,0.00001846,0.706814449,1007
6.99,531.774,535.887,1772580.725,4.129E+04,6.191E+00,1.628E+01,1.531E+00,11.49722024,0.001866065,0.0263,1007,0.00001846,0.706814449,1007
7,531.790,535.895,1772631.742,4.121E+04,6.188E+00,1.627E+01,1.527E+00,11.49738696,0.001866038,0.0263,1007,0.00001846,0.706814449,1007
7.01,531.805,535.902,1772682.642,4.113E+04,6.185E+00,1.627E+01,1.523E+00,11.49755329,0.001866011,0.0263,1007,0.00001846,0.706814449,1007
7.02,531.820,535.910,1772733.422,4.106E+04,6.182E+00,1.626E+01,1.520E+00,11.49771923,0.001865985,0.0263,1007,0.00001846,0.706814449,1007
7.03,531.835,535.918,1772784.085,4.098E+04,6.179E+00,1.625E+01,1.516E+00,11.49788478,0.001865958,0.0263,1007,0.00001846,0.706814449,1007
7.04,531.850,535.925,1772834.63,4.091E+04,6.176E+00,1.624E+01,1.513E+00,11.49804993,0.001865932,0.0263,1007,0.00001846,0.706814449,1007
7.05,531.866,535.933,1772885.058,4.083E+04,6.173E+00,1.624E+01,1.509E+00,11.4982147,0.001865906,0.0263,1007,0.00001846,0.706814449,1007
7.06,531.881,535.940,1772935.368,4.076E+04,6.171E+00,1.623E+01,1.506E+00,11.49837909,0.001865879,0.0263,1007,0.00001846,0.706814449,1007
7.07,531.896,535.948,1772985.562,4.068E+04,6.168E+00,1.622E+01,1.502E+00,11.49854308,0.001865853,0.0263,1007,0.00001846,0.706814449,1007
7.08,531.911,535.955,1773035.64,4.061E+04,6.165E+00,1.621E+01,1.499E+00,11.4987067,0.001865827,0.0263,1007,0.00001846,0.706814449,1007
7.09,531.926,535.963,1773085.601,4.053E+04,6.162E+00,1.621E+01,1.495E+00,11.49886992,0.001865801,0.0263,1007,0.00001846,0.706814449,1007
7.1,531.941,535.970,1773135.446,4.046E+04,6.159E+00,1.620E+01,1.492E+00,11.49903277,0.001865775,0.0263,1007,0.00001846,0.706814449,1007
7.11,531.956,535.978,1773185.177,4.038E+04,6.156E+00,1.619E+01,1.488E+00,11.49919523,0.001865749,0.0263,1007,0.00001846,0.706814449,1007
7.12,531.970,535.985,1773234.792,4.031E+04,6.153E+00,1.618E+01,1.485E+00,11.49935732,0.001865723,0.0263,1007,0.00001846,0.706814449,1007
7.13,531.985,535.993,1773284.292,4.023E+04,6.150E+00,1.618E+01,1.482E+00,11.49951902,0.001865697,0.0263,1007,0.00001846,0.706814449,1007
7.14,532.000,536.000,1773333.677,4.016E+04,6.148E+00,1.617E+01,1.478E+00,11.49968034,0.001865671,0.0263,1007,0.00001846,0.706814449,1007
7.15,532.015,536.007,1773382.949,4.009E+04,6.145E+00,1.616E+01,1.475E+00,11.49984129,0.001865646,0.0263,1007,0.00001846,0.706814449,1007
7.16,532.030,536.015,1773432.107,4.001E+04,6.142E+00,1.615E+01,1.471E+00,11.50000186,0.00186562,0.0263,1007,0.00001846,0.706814449,1007
7.17,532.044,536.022,1773481.151,3.994E+04,6.139E+00,1.615E+01,1.468E+00,11.50016206,0.001865594,0.0263,1007,0.00001846,0.706814449,1007
7.18,532.059,536.030,1773530.082,3.987E+04,6.136E+00,1.614E+01,1.465E+00,11.50032188,0.001865569,0.0263,1007,0.00001846,0.706814449,1007
7.19,532.074,536.037,1773578.9,3.979E+04,6.133E+00,1.613E+01,1.461E+00,11.50048133,0.001865543,0.0263,1007,0.00001846,0.706814449,1007
7.2,532.088,536.044,1773627.606,3.972E+04,6.131E+00,1.612E+01,1.458E+00,11.50064041,0.001865518,0.0263,1007,0.00001846,0.706814449,1007
7.21,532.103,536.051,1773676.199,3.965E+04,6.128E+00,1.612E+01,1.454E+00,11.50079911,0.001865493,0.0263,1007,0.00001846,0.706814449,1007
7.22,532.117,536.059,1773724.68,3.958E+04,6.125E+00,1.611E+01,1.451E+00,11.50095745,0.001865467,0.0263,1007,0.00001846,0.706814449,1007
7.23,532.132,536.066,1773773.05,3.950E+04,6.122E+00,1.610E+01,1.448E+00,11.50111542,0.001865442,0.0263,1007,0.00001846,0.706814449,1007
7.24,532.146,536.073,1773821.308,3.943E+04,6.119E+00,1.609E+01,1.444E+00,11.50127301,0.001865417,0.0263,1007,0.00001846,0.706814449,1007
7.25,532.161,536.080,1773869.456,3.936E+04,6.116E+00,1.609E+01,1.441E+00,11.50143025,0.001865392,0.0263,1007,0.00001846,0.706814449,1007
7.26,532.175,536.088,1773917.492,3.929E+04,6.114E+00,1.608E+01,1.438E+00,11.50158711,0.001865367,0.0263,1007,0.00001846,0.706814449,1007
7.27,532.190,536.095,1773965.418,3.922E+04,6.111E+00,1.607E+01,1.434E+00,11.50174362,0.001865342,0.0263,1007,0.00001846,0.706814449,1007
7.28,532.204,536.102,1774013.235,3.914E+04,6.108E+00,1.606E+01,1.431E+00,11.50189975,0.001865317,0.0263,1007,0.00001846,0.706814449,1007
7.29,532.218,536.109,1774060.941,3.907E+04,6.105E+00,1.606E+01,1.428E+00,11.50205553,0.001865292,0.0263,1007,0.00001846,0.706814449,1007
7.3,532.233,536.116,1774108.538,3.900E+04,6.102E+00,1.605E+01,1.425E+00,11.50221094,0.001865267,0.0263,1007,0.00001846,0.706814449,1007
7.31,532.247,536.123,1774156.025,3.893E+04,6.100E+00,1.604E+01,1.421E+00,11.502366,0.001865242,0.0263,1007,0.00001846,0.706814449,1007
7.32,532.261,536.131,1774203.404,3.886E+04,6.097E+00,1.603E+01,1.418E+00,11.50252069,0.001865217,0.0263,1007,0.00001846,0.706814449,1007
7.33,532.275,536.138,1774250.674,3.879E+04,6.094E+00,1.603E+01,1.415E+00,11.50267502,0.001865193,0.0263,1007,0.00001846,0.706814449,1007
7.34,532.289,536.145,1774297.836,3.872E+04,6.091E+00,1.602E+01,1.412E+00,11.502829,0.001865168,0.0263,1007,0.00001846,0.706814449,1007
7.35,532.303,536.152,1774344.89,3.865E+04,6.088E+00,1.601E+01,1.408E+00,11.50298262,0.001865144,0.0263,1007,0.00001846,0.706814449,1007
7.36,532.318,536.159,1774391.836,3.858E+04,6.086E+00,1.601E+01,1.405E+00,11.50313589,0.001865119,0.0263,1007,0.00001846,0.706814449,1007
7.37,532.332,536.166,1774438.675,3.851E+04,6.083E+00,1.600E+01,1.402E+00,11.5032888,0.001865095,0.0263,1007,0.00001846,0.706814449,1007
7.38,532.346,536.173,1774485.407,3.844E+04,6.080E+00,1.599E+01,1.399E+00,11.50344135,0.00186507,0.0263,1007,0.00001846,0.706814449,1007
7.39,532.360,536.180,1774532.031,3.837E+04,6.077E+00,1.598E+01,1.396E+00,11.50359356,0.001865046,0.0263,1007,0.00001846,0.706814449,1007
7.4,532.374,536.187,1774578.55,3.830E+04,6.074E+00,1.598E+01,1.392E+00,11.50374541,0.001865022,0.0263,1007,0.00001846,0.706814449,1007
7.41,532.387,536.194,1774624.962,3.823E+04,6.072E+00,1.597E+01,1.389E+00,11.50389691,0.001864998,0.0263,1007,0.00001846,0.706814449,1007
7.42,532.401,536.201,1774671.268,3.816E+04,6.069E+00,1.596E+01,1.386E+00,11.50404807,0.001864973,0.0263,1007,0.00001846,0.706814449,1007
7.43,532.415,536.208,1774717.469,3.809E+04,6.066E+00,1.595E+01,1.383E+00,11.50419887,0.001864949,0.0263,1007,0.00001846,0.706814449,1007
7.44,532.429,536.215,1774763.564,3.802E+04,6.063E+00,1.595E+01,1.380E+00,11.50434932,0.001864925,0.0263,1007,0.00001846,0.706814449,1007
7.45,532.443,536.221,1774809.554,3.795E+04,6.061E+00,1.594E+01,1.377E+00,11.50449943,0.001864901,0.0263,1007,0.00001846,0.706814449,1007
7.46,532.457,536.228,1774855.44,3.789E+04,6.058E+00,1.593E+01,1.373E+00,11.5046492,0.001864877,0.0263,1007,0.00001846,0.706814449,1007
7.47,532.470,536.235,1774901.221,3.782E+04,6.055E+00,1.592E+01,1.370E+00,11.50479861,0.001864853,0.0263,1007,0.00001846,0.706814449,1007
7.48,532.484,536.242,1774946.898,3.775E+04,6.052E+00,1.592E+01,1.367E+00,11.50494769,0.00186483,0.0263,1007,0.00001846,0.706814449,1007
7.49,532.498,536.249,1774992.47,3.768E+04,6.050E+00,1.591E+01,1.364E+00,11.50509642,0.001864806,0.0263,1007,0.00001846,0.706814449,1007
7.5,532.511,536.256,1775037.94,3.761E+04,6.047E+00,1.590E+01,1.361E+00,11.50524481,0.001864782,0.0263,1007,0.00001846,0.706814449,1007
7.51,532.525,536.262,1775083.306,3.754E+04,6.044E+00,1.590E+01,1.358E+00,11.50539286,0.001864758,0.0263,1007,0.00001846,0.706814449,1007
7.52,532.539,536.269,1775128.568,3.748E+04,6.041E+00,1.589E+01,1.355E+00,11.50554057,0.001864735,0.0263,1007,0.00001846,0.706814449,1007
7.53,532.552,536.276,1775173.729,3.741E+04,6.039E+00,1.588E+01,1.352E+00,11.50568794,0.001864711,0.0263,1007,0.00001846,0.706814449,1007
7.54,532.566,536.283,1775218.786,3.734E+04,6.036E+00,1.587E+01,1.349E+00,11.50583497,0.001864688,0.0263,1007,0.00001846,0.706814449,1007
7.55,532.579,536.290,1775263.742,3.727E+04,6.033E+00,1.587E+01,1.346E+00,11.50598166,0.001864664,0.0263,1007,0.00001846,0.706814449,1007
7.56,532.593,536.296,1775308.595,3.721E+04,6.030E+00,1.586E+01,1.343E+00,11.50612802,0.001864641,0.0263,1007,0.00001846,0.706814449,1007
7.57,532.606,536.303,1775353.347,3.714E+04,6.028E+00,1.585E+01,1.340E+00,11.50627404,0.001864618,0.0263,1007,0.00001846,0.706814449,1007
7.58,532.619,536.310,1775397.997,3.707E+04,6.025E+00,1.585E+01,1.336E+00,11.50641973,0.001864594,0.0263,1007,0.00001846,0.706814449,1007
7.59,532.633,536.316,1775442.547,3.701E+04,6.022E+00,1.584E+01,1.333E+00,11.50656509,0.001864571,0.0263,1007,0.00001846,0.706814449,1007
7.6,532.646,536.323,1775486.995,3.694E+04,6.019E+00,1.583E+01,1.330E+00,11.50671011,0.001864548,0.0263,1007,0.00001846,0.706814449,1007
7.61,532.659,536.330,1775531.343,3.687E+04,6.017E+00,1.582E+01,1.327E+00,11.5068548,0.001864525,0.0263,1007,0.00001846,0.706814449,1007
7.62,532.673,536.336,1775575.591,3.681E+04,6.014E+00,1.582E+01,1.324E+00,11.50699916,0.001864502,0.0263,1007,0.00001846,0.706814449,1007
7.63,532.686,536.343,1775619.739,3.674E+04,6.011E+00,1.581E+01,1.321E+00,11.50714319,0.001864479,0.0263,1007,0.00001846,0.706814449,1007
7.64,532.699,536.350,1775663.787,3.668E+04,6.008E+00,1.580E+01,1.318E+00,11.50728689,0.001864456,0.0263,1007,0.00001846,0.706814449,1007
7.65,532.712,536.356,1775707.735,3.661E+04,6.006E+00,1.580E+01,1.315E+00,11.50743026,0.001864433,0.0263,1007,0.00001846,0.706814449,1007
7.66,532.725,536.363,1775751.585,3.654E+04,6.003E+00,1.579E+01,1.313E+00,11.50757331,0.00186441,0.0263,1007,0.00001846,0.706814449,1007
7.67,532.739,536.369,1775795.335,3.648E+04,6.000E+00,1.578E+01,1.310E+00,11.50771603,0.001864387,0.0263,1007,0.00001846,0.706814449,1007
7.68,532.752,536.376,1775838.987,3.641E+04,5.998E+00,1.577E+01,1.307E+00,11.50785842,0.001864364,0.0263,1007,0.00001846,0.706814449,1007
7.69,532.765,536.382,1775882.54,3.635E+04,5.995E+00,1.577E+01,1.304E+00,11.50800049,0.001864342,0.0263,1007,0.00001846,0.706814449,1007
7.7,532.778,536.389,1775925.996,3.628E+04,5.992E+00,1.576E+01,1.301E+00,11.50814224,0.001864319,0.0263,1007,0.00001846,0.706814449,1007
7.71,532.791,536.395,1775969.353,3.622E+04,5.990E+00,1.575E+01,1.298E+00,11.50828366,0.001864296,0.0263,1007,0.00001846,0.706814449,1007
7.72,532.804,536.402,1776012.613,3.615E+04,5.987E+00,1.575E+01,1.295E+00,11.50842476,0.001864274,0.0263,1007,0.00001846,0.706814449,1007
7.73,532.817,536.408,1776055.776,3.609E+04,5.984E+00,1.574E+01,1.292E+00,11.50856555,0.001864251,0.0263,1007,0.00001846,0.706814449,1007
7.74,532.830,536.415,1776098.841,3.602E+04,5.981E+00,1.573E+01,1.289E+00,11.50870601,0.001864229,0.0263,1007,0.00001846,0.706814449,1007
7.75,532.843,536.421,1776141.81,3.596E+04,5.979E+00,1.572E+01,1.286E+00,11.50884615,0.001864206,0.0263,1007,0.00001846,0.706814449,1007
7.76,532.855,536.428,1776184.682,3.590E+04,5.976E+00,1.572E+01,1.283E+00,11.50898597,0.001864184,0.0263,1007,0.00001846,0.706814449,1007
7.77,532.868,536.434,1776227.458,3.583E+04,5.973E+00,1.571E+01,1.280E+00,11.50912548,0.001864162,0.0263,1007,0.00001846,0.706814449,1007
7.78,532.881,536.441,1776270.138,3.577E+04,5.971E+00,1.570E+01,1.278E+00,11.50926467,0.00186414,0.0263,1007,0.00001846,0.706814449,1007
7.79,532.894,536.447,1776312.722,3.570E+04,5.968E+00,1.570E+01,1.275E+00,11.50940355,0.001864117,0.0263,1007,0.00001846,0.706814449,1007
7.8,532.907,536.453,1776355.211,3.564E+04,5.965E+00,1.569E+01,1.272E+00,11.50954211,0.001864095,0.0263,1007,0.00001846,0.706814449,1007
7.81,532.919,536.460,1776397.605,3.558E+04,5.963E+00,1.568E+01,1.269E+00,11.50968035,0.001864073,0.0263,1007,0.00001846,0.706814449,1007
7.82,532.932,536.466,1776439.903,3.551E+04,5.960E+00,1.567E+01,1.266E+00,11.50981829,0.001864051,0.0263,1007,0.00001846,0.706814449,1007
7.83,532.945,536.472,1776482.107,3.545E+04,5.957E+00,1.567E+01,1.263E+00,11.50995591,0.001864029,0.0263,1007,0.00001846,0.706814449,1007
7.84,532.957,536.479,1776524.216,3.539E+04,5.955E+00,1.566E+01,1.260E+00,11.51009322,0.001864007,0.0263,1007,0.00001846,0.706814449,1007
7.85,532.970,536.485,1776566.232,3.533E+04,5.952E+00,1.565E+01,1.258E+00,11.51023022,0.001863985,0.0263,1007,0.00001846,0.706814449,1007
7.86,532.982,536.491,1776608.153,3.526E+04,5.949E+00,1.565E+01,1.255E+00,11.51036691,0.001863963,0.0263,1007,0.00001846,0.706814449,1007
7.87,532.995,536.497,1776649.98,3.520E+04,5.947E+00,1.564E+01,1.252E+00,11.51050329,0.001863942,0.0263,1007,0.00001846,0.706814449,1007
7.88,533.008,536.504,1776691.714,3.514E+04,5.944E+00,1.563E+01,1.249E+00,11.51063937,0.00186392,0.0263,1007,0.00001846,0.706814449,1007
7.89,533.020,536.510,1776733.355,3.507E+04,5.941E+00,1.563E+01,1.246E+00,11.51077513,0.001863898,0.0263,1007,0.00001846,0.706814449,1007
7.9,533.032,536.516,1776774.903,3.501E+04,5.939E+00,1.562E+01,1.244E+00,11.51091059,0.001863876,0.0263,1007,0.00001846,0.706814449,1007
7.91,533.045,536.522,1776816.359,3.495E+04,5.936E+00,1.561E+01,1.241E+00,11.51104575,0.001863855,0.0263,1007,0.00001846,0.706814449,1007
7.92,533.057,536.529,1776857.721,3.489E+04,5.933E+00,1.561E+01,1.238E+00,11.5111806,0.001863833,0.0263,1007,0.00001846,0.706814449,1007
7.93,533.070,536.535,1776898.992,3.483E+04,5.931E+00,1.560E+01,1.235E+00,11.51131515,0.001863812,0.0263,1007,0.00001846,0.706814449,1007
7.94,533.082,536.541,1776940.171,3.477E+04,5.928E+00,1.559E+01,1.233E+00,11.51144939,0.00186379,0.0263,1007,0.00001846,0.706814449,1007
7.95,533.094,536.547,1776981.258,3.470E+04,5.926E+00,1.558E+01,1.230E+00,11.51158333,0.001863769,0.0263,1007,0.00001846,0.706814449,1007
7.96,533.107,536.553,1777022.253,3.464E+04,5.923E+00,1.558E+01,1.227E+00,11.51171697,0.001863748,0.0263,1007,0.00001846,0.706814449,1007
7.97,533.119,536.559,1777063.157,3.458E+04,5.920E+00,1.557E+01,1.224E+00,11.51185031,0.001863726,0.0263,1007,0.00001846,0.706814449,1007
7.98,533.131,536.566,1777103.971,3.452E+04,5.918E+00,1.556E+01,1.222E+00,11.51198335,0.001863705,0.0263,1007,0.00001846,0.706814449,1007
7.99,533.143,536.572,1777144.693,3.446E+04,5.915E+00,1.556E+01,1.219E+00,11.5121161,0.001863684,0.0263,1007,0.00001846,0.706814449,1007
8,533.156,536.578,1777185.326,3.440E+04,5.912E+00,1.555E+01,1.216E+00,11.51224854,0.001863663,0.0263,1007,0.00001846,0.706814449,1007
8.01,533.168,536.584,1777225.867,3.434E+04,5.910E+00,1.554E+01,1.214E+00,11.51238069,0.001863642,0.0263,1007,0.00001846,0.706814449,1007
8.02,533.180,536.590,1777266.319,3.428E+04,5.907E+00,1.554E+01,1.211E+00,11.51251254,0.00186362,0.0263,1007,0.00001846,0.706814449,1007
8.03,533.192,536.596,1777306.682,3.422E+04,5.905E+00,1.553E+01,1.208E+00,11.51264409,0.001863599,0.0263,1007,0.00001846,0.706814449,1007
8.04,533.204,536.602,1777346.954,3.416E+04,5.902E+00,1.552E+01,1.206E+00,11.51277535,0.001863578,0.0263,1007,0.00001846,0.706814449,1007
8.05,533.216,536.608,1777387.138,3.410E+04,5.899E+00,1.552E+01,1.203E+00,11.51290632,0.001863558,0.0263,1007,0.00001846,0.706814449,1007
8.06,533.228,536.614,1777427.232,3.404E+04,5.897E+00,1.551E+01,1.200E+00,11.51303699,0.001863537,0.0263,1007,0.00001846,0.706814449,1007
8.07,533.240,536.620,1777467.238,3.398E+04,5.894E+00,1.550E+01,1.198E+00,11.51316738,0.001863516,0.0263,1007,0.00001846,0.706814449,1007
8.08,533.252,536.626,1777507.155,3.392E+04,5.891E+00,1.549E+01,1.195E+00,11.51329747,0.001863495,0.0263,1007,0.00001846,0.706814449,1007
8.09,533.264,536.632,1777546.983,3.386E+04,5.889E+00,1.549E+01,1.192E+00,11.51342726,0.001863474,0.0263,1007,0.00001846,0.706814449,1007
8.1,533.276,536.638,1777586.724,3.380E+04,5.886E+00,1.548E+01,1.190E+00,11.51355677,0.001863454,0.0263,1007,0.00001846,0.706814449,1007
8.11,533.288,536.644,1777626.377,3.374E+04,5.884E+00,1.547E+01,1.187E+00,11.51368599,0.001863433,0.0263,1007,0.00001846,0.706814449,1007
8.12,533.300,536.650,1777665.942,3.368E+04,5.881E+00,1.547E+01,1.184E+00,11.51381493,0.001863412,0.0263,1007,0.00001846,0.706814449,1007
8.13,533.312,536.656,1777705.419,3.362E+04,5.879E+00,1.546E+01,1.182E+00,11.51394357,0.001863392,0.0263,1007,0.00001846,0.706814449,1007
8.14,533.323,536.662,1777744.81,3.356E+04,5.876E+00,1.545E+01,1.179E+00,11.51407193,0.001863371,0.0263,1007,0.00001846,0.706814449,1007
8.15,533.335,536.668,1777784.114,3.350E+04,5.873E+00,1.545E+01,1.177E+00,11.5142,0.001863351,0.0263,1007,0.00001846,0.706814449,1007
8.16,533.347,536.673,1777823.33,3.344E+04,5.871E+00,1.544E+01,1.174E+00,11.51432778,0.00186333,0.0263,1007,0.00001846,0.706814449,1007
8.17,533.359,536.679,1777862.461,3.338E+04,5.868E+00,1.543E+01,1.171E+00,11.51445528,0.00186331,0.0263,1007,0.00001846,0.706814449,1007
8.18,533.370,536.685,1777901.505,3.333E+04,5.866E+00,1.543E+01,1.169E+00,11.5145825,0.00186329,0.0263,1007,0.00001846,0.706814449,1007
8.19,533.382,536.691,1777940.463,3.327E+04,5.863E+00,1.542E+01,1.166E+00,11.51470944,0.001863269,0.0263,1007,0.00001846,0.706814449,1007
8.2,533.394,536.697,1777979.336,3.321E+04,5.860E+00,1.541E+01,1.164E+00,11.51483609,0.001863249,0.0263,1007,0.00001846,0.706814449,1007
8.21,533.405,536.703,1778018.123,3.315E+04,5.858E+00,1.541E+01,1.161E+00,11.51496246,0.001863229,0.0263,1007,0.00001846,0.706814449,1007
8.22,533.417,536.709,1778056.825,3.309E+04,5.855E+00,1.540E+01,1.158E+00,11.51508855,0.001863209,0.0263,1007,0.00001846,0.706814449,1007
8.23,533.429,536.714,1778095.441,3.303E+04,5.853E+00,1.539E+01,1.156E+00,11.51521436,0.001863189,0.0263,1007,0.00001846,0.706814449,1007
8.24,533.440,536.720,1778133.973,3.298E+04,5.850E+00,1.539E+01,1.153E+00,11.51533989,0.001863169,0.0263,1007,0.00001846,0.706814449,1007
8.25,533.452,536.726,1778172.42,3.292E+04,5.848E+00,1.538E+01,1.151E+00,11.51546514,0.001863149,0.0263,1007,0.00001846,0.706814449,1007
8.26,533.463,536.732,1778210.782,3.286E+04,5.845E+00,1.537E+01,1.148E+00,11.51559012,0.001863129,0.0263,1007,0.00001846,0.706814449,1007
8.27,533.475,536.737,1778249.061,3.280E+04,5.842E+00,1.537E+01,1.146E+00,11.51571481,0.001863109,0.0263,1007,0.00001846,0.706814449,1007
8.28,533.486,536.743,1778287.255,3.275E+04,5.840E+00,1.536E+01,1.143E+00,11.51583924,0.001863089,0.0263,1007,0.00001846,0.706814449,1007
8.29,533.498,536.749,1778325.366,3.269E+04,5.837E+00,1.535E+01,1.141E+00,11.51596338,0.001863069,0.0263,1007,0.00001846,0.706814449,1007
8.3,533.509,536.755,1778363.393,3.263E+04,5.835E+00,1.535E+01,1.138E+00,11.51608725,0.001863049,0.0263,1007,0.00001846,0.706814449,1007
8.31,533.520,536.760,1778401.337,3.258E+04,5.832E+00,1.534E+01,1.136E+00,11.51621085,0.001863029,0.0263,1007,0.00001846,0.706814449,1007
8.32,533.532,536.766,1778439.197,3.252E+04,5.830E+00,1.533E+01,1.133E+00,11.51633417,0.00186301,0.0263,1007,0.00001846,0.706814449,1007
8.33,533.543,536.772,1778476.975,3.246E+04,5.827E+00,1.533E+01,1.131E+00,11.51645723,0.00186299,0.0263,1007,0.00001846,0.706814449,1007
8.34,533.554,536.777,1778514.67,3.241E+04,5.825E+00,1.532E+01,1.128E+00,11.51658001,0.00186297,0.0263,1007,0.00001846,0.706814449,1007
8.35,533.566,536.783,1778552.283,3.235E+04,5.822E+00,1.531E+01,1.126E+00,11.51670251,0.001862951,0.0263,1007,0.00001846,0.706814449,1007
8.36,533.577,536.788,1778589.814,3.229E+04,5.820E+00,1.531E+01,1.123E+00,11.51682475,0.001862931,0.0263,1007,0.00001846,0.706814449,1007
8.37,533.588,536.794,1778627.262,3.224E+04,5.817E+00,1.530E+01,1.121E+00,11.51694672,0.001862912,0.0263,1007,0.00001846,0.706814449,1007
8.38,533.599,536.800,1778664.629,3.218E+04,5.814E+00,1.529E+01,1.119E+00,11.51706842,0.001862892,0.0263,1007,0.00001846,0.706814449,1007
8.39,533.611,536.805,1778701.914,3.213E+04,5.812E+00,1.529E+01,1.116E+00,11.51718985,0.001862873,0.0263,1007,0.00001846,0.706814449,1007
8.4,533.622,536.811,1778739.118,3.207E+04,5.809E+00,1.528E+01,1.114E+00,11.51731102,0.001862853,0.0263,1007,0.00001846,0.706814449,1007
8.41,533.633,536.816,1778776.241,3.201E+04,5.807E+00,1.527E+01,1.111E+00,11.51743191,0.001862834,0.0263,1007,0.00001846,0.706814449,1007
8.42,533.644,536.822,1778813.283,3.196E+04,5.804E+00,1.527E+01,1.109E+00,11.51755254,0.001862815,0.0263,1007,0.00001846,0.706814449,1007
8.43,533.655,536.828,1778850.244,3.190E+04,5.802E+00,1.526E+01,1.106E+00,11.51767291,0.001862796,0.0263,1007,0.00001846,0.706814449,1007
8.44,533.666,536.833,1778887.124,3.185E+04,5.799E+00,1.525E+01,1.104E+00,11.51779301,0.001862776,0.0263,1007,0.00001846,0.706814449,1007
8.45,533.677,536.839,1778923.924,3.179E+04,5.797E+00,1.525E+01,1.102E+00,11.51791285,0.001862757,0.0263,1007,0.00001846,0.706814449,1007
8.46,533.688,536.844,1778960.645,3.174E+04,5.794E+00,1.524E+01,1.099E+00,11.51803242,0.001862738,0.0263,1007,0.00001846,0.706814449,1007
8.47,533.699,536.850,1778997.285,3.168E+04,5.792E+00,1.523E+01,1.097E+00,11.51815173,0.001862719,0.0263,1007,0.00001846,0.706814449,1007
8.48,533.710,536.855,1779033.846,3.163E+04,5.789E+00,1.523E+01,1.094E+00,11.51827078,0.0018627,0.0263,1007,0.00001846,0.706814449,1007
8.49,533.721,536.861,1779070.327,3.157E+04,5.787E+00,1.522E+01,1.092E+00,11.51838957,0.001862681,0.0263,1007,0.00001846,0.706814449,1007
8.5,533.732,536.866,1779106.729,3.152E+04,5.784E+00,1.521E+01,1.090E+00,11.5185081,0.001862662,0.0263,1007,0.00001846,0.706814449,1007
8.51,533.743,536.871,1779143.052,3.146E+04,5.782E+00,1.521E+01,1.087E+00,11.51862637,0.001862643,0.0263,1007,0.00001846,0.706814449,1007
8.52,533.754,536.877,1779179.296,3.141E+04,5.779E+00,1.520E+01,1.085E+00,11.51874438,0.001862624,0.0263,1007,0.00001846,0.706814449,1007
8.53,533.765,536.882,1779215.461,3.136E+04,5.777E+00,1.519E+01,1.083E+00,11.51886213,0.001862606,0.0263,1007,0.00001846,0.706814449,1007
8.54,533.775,536.888,1779251.548,3.130E+04,5.774E+00,1.519E+01,1.080E+00,11.51897962,0.001862587,0.0263,1007,0.00001846,0.706814449,1007
8.55,533.786,536.893,1779287.557,3.125E+04,5.772E+00,1.518E+01,1.078E+00,11.51909686,0.001862568,0.0263,1007,0.00001846,0.706814449,1007
8.56,533.797,536.899,1779323.488,3.119E+04,5.769E+00,1.517E+01,1.076E+00,11.51921384,0.001862549,0.0263,1007,0.00001846,0.706814449,1007
8.57,533.808,536.904,1779359.341,3.114E+04,5.767E+00,1.517E+01,1.073E+00,11.51933056,0.001862531,0.0263,1007,0.00001846,0.706814449,1007
8.58,533.819,536.909,1779395.116,3.109E+04,5.764E+00,1.516E+01,1.071E+00,11.51944703,0.001862512,0.0263,1007,0.00001846,0.706814449,1007
8.59,533.829,536.915,1779430.814,3.103E+04,5.762E+00,1.515E+01,1.069E+00,11.51956324,0.001862494,0.0263,1007,0.00001846,0.706814449,1007
8.6,533.840,536.920,1779466.435,3.098E+04,5.759E+00,1.515E+01,1.066E+00,11.51967921,0.001862475,0.0263,1007,0.00001846,0.706814449,1007
8.61,533.851,536.925,1779501.978,3.093E+04,5.757E+00,1.514E+01,1.064E+00,11.51979491,0.001862456,0.0263,1007,0.00001846,0.706814449,1007
8.62,533.861,536.931,1779537.445,3.087E+04,5.754E+00,1.513E+01,1.062E+00,11.51991037,0.001862438,0.0263,1007,0.00001846,0.706814449,1007
8.63,533.872,536.936,1779572.836,3.082E+04,5.752E+00,1.513E+01,1.059E+00,11.52002557,0.00186242,0.0263,1007,0.00001846,0.706814449,1007
8.64,533.882,536.941,1779608.15,3.077E+04,5.749E+00,1.512E+01,1.057E+00,11.52014053,0.001862401,0.0263,1007,0.00001846,0.706814449,1007
8.65,533.893,536.947,1779643.387,3.071E+04,5.747E+00,1.511E+01,1.055E+00,11.52025523,0.001862383,0.0263,1007,0.00001846,0.706814449,1007
8.66,533.904,536.952,1779678.549,3.066E+04,5.745E+00,1.511E+01,1.053E+00,11.52036968,0.001862365,0.0263,1007,0.00001846,0.706814449,1007
8.67,533.914,536.957,1779713.635,3.061E+04,5.742E+00,1.510E+01,1.050E+00,11.52048389,0.001862346,0.0263,1007,0.00001846,0.706814449,1007
8.68,533.925,536.962,1779748.645,3.056E+04,5.740E+00,1.510E+01,1.048E+00,11.52059784,0.001862328,0.0263,1007,0.00001846,0.706814449,1007
8.69,533.935,536.968,1779783.58,3.050E+04,5.737E+00,1.509E+01,1.046E+00,11.52071155,0.00186231,0.0263,1007,0.00001846,0.706814449,1007
8.7,533.946,536.973,1779818.44,3.045E+04,5.735E+00,1.508E+01,1.044E+00,11.52082501,0.001862292,0.0263,1007,0.00001846,0.706814449,1007
8.71,533.956,536.978,1779853.225,3.040E+04,5.732E+00,1.508E+01,1.041E+00,11.52093823,0.001862274,0.0263,1007,0.00001846,0.706814449,1007
8.72,533.966,536.983,1779887.935,3.035E+04,5.730E+00,1.507E+01,1.039E+00,11.5210512,0.001862256,0.0263,1007,0.00001846,0.706814449,1007
8.73,533.977,536.988,1779922.57,3.029E+04,5.727E+00,1.506E+01,1.037E+00,11.52116392,0.001862238,0.0263,1007,0.00001846,0.706814449,1007
8.74,533.987,536.994,1779957.13,3.024E+04,5.725E+00,1.506E+01,1.035E+00,11.5212764,0.00186222,0.0263,1007,0.00001846,0.706814449,1007
8.75,533.997,536.999,1779991.617,3.019E+04,5.722E+00,1.505E+01,1.032E+00,11.52138864,0.001862202,0.0263,1007,0.00001846,0.706814449,1007
8.76,534.008,537.004,1780026.029,3.014E+04,5.720E+00,1.504E+01,1.030E+00,11.52150063,0.001862184,0.0263,1007,0.00001846,0.706814449,1007
8.77,534.018,537.009,1780060.368,3.009E+04,5.718E+00,1.504E+01,1.028E+00,11.52161238,0.001862166,0.0263,1007,0.00001846,0.706814449,1007
8.78,534.028,537.014,1780094.633,3.004E+04,5.715E+00,1.503E+01,1.026E+00,11.52172389,0.001862148,0.0263,1007,0.00001846,0.706814449,1007
8.79,534.039,537.019,1780128.824,2.999E+04,5.713E+00,1.502E+01,1.024E+00,11.52183515,0.00186213,0.0263,1007,0.00001846,0.706814449,1007
8.8,534.049,537.024,1780162.943,2.993E+04,5.710E+00,1.502E+01,1.021E+00,11.52194618,0.001862113,0.0263,1007,0.00001846,0.706814449,1007
8.81,534.059,537.030,1780196.988,2.988E+04,5.708E+00,1.501E+01,1.019E+00,11.52205696,0.001862095,0.0263,1007,0.00001846,0.706814449,1007
8.82,534.069,537.035,1780230.96,2.983E+04,5.705E+00,1.500E+01,1.017E+00,11.52216751,0.001862077,0.0263,1007,0.00001846,0.706814449,1007
8.83,534.079,537.040,1780264.859,2.978E+04,5.703E+00,1.500E+01,1.015E+00,11.52227782,0.00186206,0.0263,1007,0.00001846,0.706814449,1007
8.84,534.090,537.045,1780298.686,2.973E+04,5.700E+00,1.499E+01,1.013E+00,11.52238789,0.001862042,0.0263,1007,0.00001846,0.706814449,1007
8.85,534.100,537.050,1780332.44,2.968E+04,5.698E+00,1.499E+01,1.010E+00,11.52249772,0.001862024,0.0263,1007,0.00001846,0.706814449,1007
8.86,534.110,537.055,1780366.123,2.963E+04,5.696E+00,1.498E+01,1.008E+00,11.52260732,0.001862007,0.0263,1007,0.00001846,0.706814449,1007
8.87,534.120,537.060,1780399.733,2.958E+04,5.693E+00,1.497E+01,1.006E+00,11.52271668,0.001861989,0.0263,1007,0.00001846,0.706814449,1007
8.88,534.130,537.065,1780433.272,2.953E+04,5.691E+00,1.497E+01,1.004E+00,11.5228258,0.001861972,0.0263,1007,0.00001846,0.706814449,1007
8.89,534.140,537.070,1780466.739,2.948E+04,5.688E+00,1.496E+01,1.002E+00,11.52293469,0.001861955,0.0263,1007,0.00001846,0.706814449,1007
8.9,534.150,537.075,1780500.134,2.943E+04,5.686E+00,1.495E+01,9.997E-01,11.52304334,0.001861937,0.0263,1007,0.00001846,0.706814449,1007
8.91,534.160,537.080,1780533.458,2.938E+04,5.684E+00,1.495E+01,9.976E-01,11.52315176,0.00186192,0.0263,1007,0.00001846,0.706814449,1007
8.92,534.170,537.085,1780566.712,2.933E+04,5.681E+00,1.494E+01,9.955E-01,11.52325995,0.001861903,0.0263,1007,0.00001846,0.706814449,1007
8.93,534.180,537.090,1780599.894,2.928E+04,5.679E+00,1.494E+01,9.933E-01,11.5233679,0.001861885,0.0263,1007,0.00001846,0.706814449,1007
8.94,534.190,537.095,1780633.005,2.923E+04,5.676E+00,1.493E+01,9.912E-01,11.52347563,0.001861868,0.0263,1007,0.00001846,0.706814449,1007
8.95,534.200,537.100,1780666.047,2.918E+04,5.674E+00,1.492E+01,9.891E-01,11.52358312,0.001861851,0.0263,1007,0.00001846,0.706814449,1007
8.96,534.210,537.105,1780699.017,2.913E+04,5.672E+00,1.492E+01,9.870E-01,11.52369038,0.001861834,0.0263,1007,0.00001846,0.706814449,1007
8.97,534.220,537.110,1780731.918,2.908E+04,5.669E+00,1.491E+01,9.849E-01,11.52379741,0.001861817,0.0263,1007,0.00001846,0.706814449,1007
8.98,534.229,537.115,1780764.749,2.903E+04,5.667E+00,1.490E+01,9.828E-01,11.52390421,0.0018618,0.0263,1007,0.00001846,0.706814449,1007
8.99,534.239,537.120,1780797.509,2.898E+04,5.664E+00,1.490E+01,9.807E-01,11.52401078,0.001861783,0.0263,1007,0.00001846,0.706814449,1007
9,534.249,537.125,1780830.201,2.893E+04,5.662E+00,1.489E+01,9.787E-01,11.52411712,0.001861766,0.0263,1007,0.00001846,0.706814449,1007
9.01,534.259,537.129,1780862.822,2.888E+04,5.660E+00,1.488E+01,9.766E-01,11.52422324,0.001861749,0.0263,1007,0.00001846,0.706814449,1007
9.02,534.269,537.134,1780895.375,2.883E+04,5.657E+00,1.488E+01,9.745E-01,11.52432913,0.001861732,0.0263,1007,0.00001846,0.706814449,1007
9.03,534.278,537.139,1780927.858,2.879E+04,5.655E+00,1.487E+01,9.724E-01,11.52443479,0.001861715,0.0263,1007,0.00001846,0.706814449,1007
9.04,534.288,537.144,1780960.273,2.874E+04,5.652E+00,1.487E+01,9.704E-01,11.52454022,0.001861698,0.0263,1007,0.00001846,0.706814449,1007
9.05,534.298,537.149,1780992.619,2.869E+04,5.650E+00,1.486E+01,9.683E-01,11.52464543,0.001861681,0.0263,1007,0.00001846,0.706814449,1007
9.06,534.307,537.154,1781024.896,2.864E+04,5.648E+00,1.485E+01,9.663E-01,11.52475042,0.001861664,0.0263,1007,0.00001846,0.706814449,1007
9.07,534.317,537.159,1781057.105,2.859E+04,5.645E+00,1.485E+01,9.642E-01,11.52485518,0.001861648,0.0263,1007,0.00001846,0.706814449,1007
9.08,534.327,537.163,1781089.246,2.854E+04,5.643E+00,1.484E+01,9.622E-01,11.52495972,0.001861631,0.0263,1007,0.00001846,0.706814449,1007
9.09,534.336,537.168,1781121.318,2.850E+04,5.640E+00,1.483E+01,9.601E-01,11.52506403,0.001861614,0.0263,1007,0.00001846,0.706814449,1007
9.1,534.346,537.173,1781153.323,2.845E+04,5.638E+00,1.483E+01,9.581E-01,11.52516812,0.001861598,0.0263,1007,0.00001846,0.706814449,1007
9.11,534.356,537.178,1781185.26,2.840E+04,5.636E+00,1.482E+01,9.561E-01,11.52527199,0.001861581,0.0263,1007,0.00001846,0.706814449,1007
9.12,534.365,537.183,1781217.13,2.835E+04,5.633E+00,1.482E+01,9.541E-01,11.52537564,0.001861564,0.0263,1007,0.00001846,0.706814449,1007
9.13,534.375,537.187,1781248.932,2.830E+04,5.631E+00,1.481E+01,9.521E-01,11.52547906,0.001861548,0.0263,1007,0.00001846,0.706814449,1007
9.14,534.384,537.192,1781280.667,2.826E+04,5.629E+00,1.480E+01,9.500E-01,11.52558227,0.001861531,0.0263,1007,0.00001846,0.706814449,1007
9.15,534.394,537.197,1781312.335,2.821E+04,5.626E+00,1.480E+01,9.480E-01,11.52568526,0.001861515,0.0263,1007,0.00001846,0.706814449,1007
9.16,534.403,537.202,1781343.936,2.816E+04,5.624E+00,1.479E+01,9.460E-01,11.52578803,0.001861499,0.0263,1007,0.00001846,0.706814449,1007
9.17,534.413,537.206,1781375.471,2.811E+04,5.622E+00,1.478E+01,9.440E-01,11.52589058,0.001861482,0.0263,1007,0.00001846,0.706814449,1007
9.18,534.422,537.211,1781406.939,2.807E+04,5.619E+00,1.478E+01,9.421E-01,11.52599291,0.001861466,0.0263,1007,0.00001846,0.706814449,1007
9.19,534.432,537.216,1781438.341,2.802E+04,5.617E+00,1.477E+01,9.401E-01,11.52609502,0.00186145,0.0263,1007,0.00001846,0.706814449,1007
9.2,534.441,537.220,1781469.676,2.797E+04,5.615E+00,1.477E+01,9.381E-01,11.52619692,0.001861433,0.0263,1007,0.00001846,0.706814449,1007
9.21,534.450,537.225,1781500.946,2.793E+04,5.612E+00,1.476E+01,9.361E-01,11.5262986,0.001861417,0.0263,1007,0.00001846,0.706814449,1007
9.22,534.460,537.230,1781532.15,2.788E+04,5.610E+00,1.475E+01,9.341E-01,11.52640006,0.001861401,0.0263,1007,0.00001846,0.706814449,1007
9.23,534.469,537.234,1781563.288,2.783E+04,5.607E+00,1.475E+01,9.322E-01,11.52650131,0.001861385,0.0263,1007,0.00001846,0.706814449,1007
9.24,534.478,537.239,1781594.36,2.779E+04,5.605E+00,1.474E+01,9.302E-01,11.52660235,0.001861368,0.0263,1007,0.00001846,0.706814449,1007
9.25,534.488,537.244,1781625.368,2.774E+04,5.603E+00,1.474E+01,9.283E-01,11.52670317,0.001861352,0.0263,1007,0.00001846,0.706814449,1007
9.26,534.497,537.248,1781656.31,2.769E+04,5.600E+00,1.473E+01,9.263E-01,11.52680377,0.001861336,0.0263,1007,0.00001846,0.706814449,1007
9.27,534.506,537.253,1781687.187,2.765E+04,5.598E+00,1.472E+01,9.244E-01,11.52690417,0.00186132,0.0263,1007,0.00001846,0.706814449,1007
9.28,534.515,537.258,1781718,2.760E+04,5.596E+00,1.472E+01,9.224E-01,11.52700435,0.001861304,0.0263,1007,0.00001846,0.706814449,1007
9.29,534.525,537.262,1781748.747,2.755E+04,5.593E+00,1.471E+01,9.205E-01,11.52710432,0.001861288,0.0263,1007,0.00001846,0.706814449,1007
9.3,534.534,537.267,1781779.43,2.751E+04,5.591E+00,1.470E+01,9.186E-01,11.52720408,0.001861272,0.0263,1007,0.00001846,0.706814449,1007
9.31,534.543,537.272,1781810.049,2.746E+04,5.589E+00,1.470E+01,9.166E-01,11.52730362,0.001861256,0.0263,1007,0.00001846,0.706814449,1007
9.32,534.552,537.276,1781840.604,2.742E+04,5.586E+00,1.469E+01,9.147E-01,11.52740296,0.00186124,0.0263,1007,0.00001846,0.706814449,1007
9.33,534.561,537.281,1781871.095,2.737E+04,5.584E+00,1.469E+01,9.128E-01,11.52750209,0.001861225,0.0263,1007,0.00001846,0.706814449,1007
9.34,534.570,537.285,1781901.522,2.732E+04,5.582E+00,1.468E+01,9.109E-01,11.52760101,0.001861209,0.0263,1007,0.00001846,0.706814449,1007
9.35,534.580,537.290,1781931.885,2.728E+04,5.580E+00,1.467E+01,9.090E-01,11.52769972,0.001861193,0.0263,1007,0.00001846,0.706814449,1007
9.36,534.589,537.294,1781962.184,2.723E+04,5.577E+00,1.467E+01,9.071E-01,11.52779822,0.001861177,0.0263,1007,0.00001846,0.706814449,1007
9.37,534.598,537.299,1781992.421,2.719E+04,5.575E+00,1.466E+01,9.052E-01,11.52789651,0.001861162,0.0263,1007,0.00001846,0.706814449,1007
9.38,534.607,537.303,1782022.594,2.714E+04,5.573E+00,1.466E+01,9.033E-01,11.5279946,0.001861146,0.0263,1007,0.00001846,0.706814449,1007
9.39,534.616,537.308,1782052.704,2.710E+04,5.570E+00,1.465E+01,9.014E-01,11.52809248,0.00186113,0.0263,1007,0.00001846,0.706814449,1007
9.4,534.625,537.312,1782082.751,2.705E+04,5.568E+00,1.464E+01,8.995E-01,11.52819015,0.001861115,0.0263,1007,0.00001846,0.706814449,1007
9.41,534.634,537.317,1782112.735,2.701E+04,5.566E+00,1.464E+01,8.977E-01,11.52828762,0.001861099,0.0263,1007,0.00001846,0.706814449,1007
9.42,534.643,537.321,1782142.657,2.696E+04,5.563E+00,1.463E+01,8.958E-01,11.52838488,0.001861084,0.0263,1007,0.00001846,0.706814449,1007
9.43,534.652,537.326,1782172.516,2.692E+04,5.561E+00,1.463E+01,8.939E-01,11.52848194,0.001861068,0.0263,1007,0.00001846,0.706814449,1007
9.44,534.661,537.330,1782202.313,2.687E+04,5.559E+00,1.462E+01,8.921E-01,11.52857879,0.001861053,0.0263,1007,0.00001846,0.706814449,1007
9.45,534.670,537.335,1782232.049,2.683E+04,5.556E+00,1.461E+01,8.902E-01,11.52867544,0.001861037,0.0263,1007,0.00001846,0.706814449,1007
9.46,534.679,537.339,1782261.722,2.678E+04,5.554E+00,1.461E+01,8.883E-01,11.52877189,0.001861022,0.0263,1007,0.00001846,0.706814449,1007
9.47,534.687,537.344,1782291.333,2.674E+04,5.552E+00,1.460E+01,8.865E-01,11.52886814,0.001861006,0.0263,1007,0.00001846,0.706814449,1007
9.48,534.696,537.348,1782320.882,2.669E+04,5.550E+00,1.460E+01,8.846E-01,11.52896418,0.001860991,0.0263,1007,0.00001846,0.706814449,1007
9.49,534.705,537.353,1782350.371,2.665E+04,5.547E+00,1.459E+01,8.828E-01,11.52906002,0.001860976,0.0263,1007,0.00001846,0.706814449,1007
9.5,534.714,537.357,1782379.797,2.661E+04,5.545E+00,1.458E+01,8.810E-01,11.52915566,0.00186096,0.0263,1007,0.00001846,0.706814449,1007
9.51,534.723,537.361,1782409.163,2.656E+04,5.543E+00,1.458E+01,8.791E-01,11.5292511,0.001860945,0.0263,1007,0.00001846,0.706814449,1007
9.52,534.732,537.366,1782438.468,2.652E+04,5.540E+00,1.457E+01,8.773E-01,11.52934635,0.00186093,0.0263,1007,0.00001846,0.706814449,1007
9.53,534.740,537.370,1782467.712,2.647E+04,5.538E+00,1.457E+01,8.755E-01,11.52944139,0.001860915,0.0263,1007,0.00001846,0.706814449,1007
9.54,534.749,537.375,1782496.895,2.643E+04,5.536E+00,1.456E+01,8.737E-01,11.52953623,0.001860899,0.0263,1007,0.00001846,0.706814449,1007
9.55,534.758,537.379,1782526.017,2.639E+04,5.534E+00,1.455E+01,8.719E-01,11.52963087,0.001860884,0.0263,1007,0.00001846,0.706814449,1007
9.56,534.767,537.383,1782555.079,2.634E+04,5.531E+00,1.455E+01,8.701E-01,11.52972532,0.001860869,0.0263,1007,0.00001846,0.706814449,1007
9.57,534.775,537.388,1782584.081,2.630E+04,5.529E+00,1.454E+01,8.683E-01,11.52981957,0.001860854,0.0263,1007,0.00001846,0.706814449,1007
9.58,534.784,537.392,1782613.023,2.626E+04,5.527E+00,1.454E+01,8.665E-01,11.52991362,0.001860839,0.0263,1007,0.00001846,0.706814449,1007
9.59,534.793,537.396,1782641.904,2.621E+04,5.525E+00,1.453E+01,8.647E-01,11.53000748,0.001860824,0.0263,1007,0.00001846,0.706814449,1007
9.6,534.801,537.401,1782670.726,2.617E+04,5.522E+00,1.452E+01,8.629E-01,11.53010114,0.001860809,0.0263,1007,0.00001846,0.706814449,1007
9.61,534.810,537.405,1782699.488,2.613E+04,5.520E+00,1.452E+01,8.611E-01,11.5301946,0.001860794,0.0263,1007,0.00001846,0.706814449,1007
9.62,534.818,537.409,1782728.191,2.608E+04,5.518E+00,1.451E+01,8.593E-01,11.53028787,0.001860779,0.0263,1007,0.00001846,0.706814449,1007
9.63,534.827,537.414,1782756.834,2.604E+04,5.515E+00,1.451E+01,8.575E-01,11.53038095,0.001860764,0.0263,1007,0.00001846,0.706814449,1007
9.64,534.836,537.418,1782785.419,2.600E+04,5.513E+00,1.450E+01,8.558E-01,11.53047383,0.00186075,0.0263,1007,0.00001846,0.706814449,1007
9.65,534.844,537.422,1782813.944,2.595E+04,5.511E+00,1.449E+01,8.540E-01,11.53056652,0.001860735,0.0263,1007,0.00001846,0.706814449,1007
9.66,534.853,537.426,1782842.41,2.591E+04,5.509E+00,1.449E+01,8.522E-01,11.53065901,0.00186072,0.0263,1007,0.00001846,0.706814449,1007
9.67,534.861,537.431,1782870.817,2.587E+04,5.506E+00,1.448E+01,8.505E-01,11.53075131,0.001860705,0.0263,1007,0.00001846,0.706814449,1007
9.68,534.870,537.435,1782899.166,2.583E+04,5.504E+00,1.448E+01,8.487E-01,11.53084342,0.001860691,0.0263,1007,0.00001846,0.706814449,1007
9.69,534.878,537.439,1782927.456,2.578E+04,5.502E+00,1.447E+01,8.470E-01,11.53093534,0.001860676,0.0263,1007,0.00001846,0.706814449,1007
9.7,534.887,537.443,1782955.688,2.574E+04,5.500E+00,1.446E+01,8.452E-01,11.53102707,0.001860661,0.0263,1007,0.00001846,0.706814449,1007
9.71,534.895,537.448,1782983.862,2.570E+04,5.497E+00,1.446E+01,8.435E-01,11.53111861,0.001860647,0.0263,1007,0.00001846,0.706814449,1007
9.72,534.904,537.452,1783011.977,2.566E+04,5.495E+00,1.445E+01,8.417E-01,11.53120996,0.001860632,0.0263,1007,0.00001846,0.706814449,1007
9.73,534.912,537.456,1783040.035,2.561E+04,5.493E+00,1.445E+01,8.400E-01,11.53130111,0.001860617,0.0263,1007,0.00001846,0.706814449,1007
9.74,534.920,537.460,1783068.035,2.557E+04,5.491E+00,1.444E+01,8.383E-01,11.53139208,0.001860603,0.0263,1007,0.00001846,0.706814449,1007
9.75,534.929,537.464,1783095.977,2.553E+04,5.488E+00,1.443E+01,8.365E-01,11.53148286,0.001860588,0.0263,1007,0.00001846,0.706814449,1007
9.76,534.937,537.469,1783123.862,2.549E+04,5.486E+00,1.443E+01,8.348E-01,11.53157345,0.001860574,0.0263,1007,0.00001846,0.706814449,1007
9.77,534.946,537.473,1783151.69,2.545E+04,5.484E+00,1.442E+01,8.331E-01,11.53166386,0.001860559,0.0263,1007,0.00001846,0.706814449,1007
9.78,534.954,537.477,1783179.46,2.540E+04,5.482E+00,1.442E+01,8.314E-01,11.53175407,0.001860545,0.0263,1007,0.00001846,0.706814449,1007
9.79,534.962,537.481,1783207.173,2.536E+04,5.480E+00,1.441E+01,8.297E-01,11.53184411,0.001860531,0.0263,1007,0.00001846,0.706814449,1007
9.8,534.970,537.485,1783234.83,2.532E+04,5.477E+00,1.441E+01,8.280E-01,11.53193395,0.001860516,0.0263,1007,0.00001846,0.706814449,1007
9.81,534.979,537.489,1783262.429,2.528E+04,5.475E+00,1.440E+01,8.263E-01,11.53202361,0.001860502,0.0263,1007,0.00001846,0.706814449,1007
9.82,534.987,537.493,1783289.972,2.524E+04,5.473E+00,1.439E+01,8.246E-01,11.53211308,0.001860488,0.0263,1007,0.00001846,0.706814449,1007
9.83,534.995,537.498,1783317.458,2.520E+04,5.471E+00,1.439E+01,8.229E-01,11.53220237,0.001860473,0.0263,1007,0.00001846,0.706814449,1007
9.84,535.003,537.502,1783344.889,2.516E+04,5.468E+00,1.438E+01,8.212E-01,11.53229147,0.001860459,0.0263,1007,0.00001846,0.706814449,1007
9.85,535.012,537.506,1783372.262,2.511E+04,5.466E+00,1.438E+01,8.195E-01,11.53238039,0.001860445,0.0263,1007,0.00001846,0.706814449,1007
9.86,535.020,537.510,1783399.58,2.507E+04,5.464E+00,1.437E+01,8.179E-01,11.53246913,0.001860431,0.0263,1007,0.00001846,0.706814449,1007
9.87,535.028,537.514,1783426.842,2.503E+04,5.462E+00,1.436E+01,8.162E-01,11.53255768,0.001860417,0.0263,1007,0.00001846,0.706814449,1007
9.88,535.036,537.518,1783454.048,2.499E+04,5.460E+00,1.436E+01,8.145E-01,11.53264605,0.001860402,0.0263,1007,0.00001846,0.706814449,1007
9.89,535.044,537.522,1783481.199,2.495E+04,5.457E+00,1.435E+01,8.128E-01,11.53273424,0.001860388,0.0263,1007,0.00001846,0.706814449,1007
9.9,535.052,537.526,1783508.294,2.491E+04,5.455E+00,1.435E+01,8.112E-01,11.53282225,0.001860374,0.0263,1007,0.00001846,0.706814449,1007
9.91,535.061,537.530,1783535.333,2.487E+04,5.453E+00,1.434E+01,8.095E-01,11.53291007,0.00186036,0.0263,1007,0.00001846,0.706814449,1007
9.92,535.069,537.534,1783562.317,2.483E+04,5.451E+00,1.434E+01,8.079E-01,11.53299772,0.001860346,0.0263,1007,0.00001846,0.706814449,1007
9.93,535.077,537.538,1783589.246,2.479E+04,5.449E+00,1.433E+01,8.062E-01,11.53308518,0.001860332,0.0263,1007,0.00001846,0.706814449,1007
9.94,535.085,537.542,1783616.121,2.475E+04,5.446E+00,1.432E+01,8.046E-01,11.53317246,0.001860318,0.0263,1007,0.00001846,0.706814449,1007
9.95,535.093,537.546,1783642.94,2.471E+04,5.444E+00,1.432E+01,8.029E-01,11.53325957,0.001860304,0.0263,1007,0.00001846,0.706814449,1007
9.96,535.101,537.550,1783669.704,2.467E+04,5.442E+00,1.431E+01,8.013E-01,11.53334649,0.00186029,0.0263,1007,0.00001846,0.706814449,1007
9.97,535.109,537.554,1783696.414,2.463E+04,5.440E+00,1.431E+01,7.997E-01,11.53343324,0.001860277,0.0263,1007,0.00001846,0.706814449,1007
9.98,535.117,537.558,1783723.07,2.459E+04,5.438E+00,1.430E+01,7.980E-01,11.53351981,0.001860263,0.0263,1007,0.00001846,0.706814449,1007
9.99,535.125,537.562,1783749.671,2.455E+04,5.435E+00,1.430E+01,7.964E-01,11.5336062,0.001860249,0.0263,1007,0.00001846,0.706814449,1007
10,535.133,537.566,1783776.218,2.451E+04,5.433E+00,1.429E+01,7.948E-01,11.53369242,0.001860235,0.0263,1007,0.00001846,0.706814449,1007
10.01,535.141,537.570,1783802.711,2.447E+04,5.431E+00,1.428E+01,7.932E-01,11.53377845,0.001860221,0.0263,1007,0.00001846,0.706814449,1007
10.02,535.149,537.574,1783829.151,2.443E+04,5.429E+00,1.428E+01,7.916E-01,11.53386432,0.001860208,0.0263,1007,0.00001846,0.706814449,1007
10.03,535.157,537.578,1783855.536,2.439E+04,5.427E+00,1.427E+01,7.900E-01,11.53395,0.001860194,0.0263,1007,0.00001846,0.706814449,1007
10.04,535.165,537.582,1783881.868,2.435E+04,5.424E+00,1.427E+01,7.883E-01,11.53403551,0.00186018,0.0263,1007,0.00001846,0.706814449,1007
10.05,535.172,537.586,1783908.146,2.431E+04,5.422E+00,1.426E+01,7.867E-01,11.53412085,0.001860167,0.0263,1007,0.00001846,0.706814449,1007
10.06,535.180,537.590,1783934.371,2.427E+04,5.420E+00,1.425E+01,7.851E-01,11.53420601,0.001860153,0.0263,1007,0.00001846,0.706814449,1007
10.07,535.188,537.594,1783960.542,2.423E+04,5.418E+00,1.425E+01,7.836E-01,11.53429099,0.00186014,0.0263,1007,0.00001846,0.706814449,1007
10.08,535.196,537.598,1783986.661,2.419E+04,5.416E+00,1.424E+01,7.820E-01,11.5343758,0.001860126,0.0263,1007,0.00001846,0.706814449,1007
10.09,535.204,537.602,1784012.726,2.415E+04,5.414E+00,1.424E+01,7.804E-01,11.53446044,0.001860112,0.0263,1007,0.00001846,0.706814449,1007
10.1,535.212,537.606,1784038.739,2.411E+04,5.411E+00,1.423E+01,7.788E-01,11.53454491,0.001860099,0.0263,1007,0.00001846,0.706814449,1007
10.11,535.219,537.610,1784064.698,2.407E+04,5.409E+00,1.423E+01,7.772E-01,11.5346292,0.001860085,0.0263,1007,0.00001846,0.706814449,1007
10.12,535.227,537.614,1784090.606,2.403E+04,5.407E+00,1.422E+01,7.756E-01,11.53471333,0.001860072,0.0263,1007,0.00001846,0.706814449,1007
10.13,535.235,537.617,1784116.46,2.400E+04,5.405E+00,1.421E+01,7.741E-01,11.53479728,0.001860059,0.0263,1007,0.00001846,0.706814449,1007
10.14,535.243,537.621,1784142.263,2.396E+04,5.403E+00,1.421E+01,7.725E-01,11.53488105,0.001860045,0.0263,1007,0.00001846,0.706814449,1007
10.15,535.250,537.625,1784168.013,2.392E+04,5.401E+00,1.420E+01,7.709E-01,11.53496466,0.001860032,0.0263,1007,0.00001846,0.706814449,1007
10.16,535.258,537.629,1784193.711,2.388E+04,5.398E+00,1.420E+01,7.694E-01,11.5350481,0.001860019,0.0263,1007,0.00001846,0.706814449,1007
10.17,535.266,537.633,1784219.357,2.384E+04,5.396E+00,1.419E+01,7.678E-01,11.53513137,0.001860005,0.0263,1007,0.00001846,0.706814449,1007
10.18,535.273,537.637,1784244.951,2.380E+04,5.394E+00,1.419E+01,7.663E-01,11.53521447,0.001859992,0.0263,1007,0.00001846,0.706814449,1007
10.19,535.281,537.641,1784270.494,2.376E+04,5.392E+00,1.418E+01,7.647E-01,11.53529739,0.001859979,0.0263,1007,0.00001846,0.706814449,1007
10.2,535.289,537.644,1784295.985,2.373E+04,5.390E+00,1.418E+01,7.632E-01,11.53538015,0.001859965,0.0263,1007,0.00001846,0.706814449,1007
10.21,535.296,537.648,1784321.424,2.369E+04,5.388E+00,1.417E+01,7.616E-01,11.53546275,0.001859952,0.0263,1007,0.00001846,0.706814449,1007
10.22,535.304,537.652,1784346.812,2.365E+04,5.385E+00,1.416E+01,7.601E-01,11.53554517,0.001859939,0.0263,1007,0.00001846,0.706814449,1007
10.23,535.312,537.656,1784372.149,2.361E+04,5.383E+00,1.416E+01,7.586E-01,11.53562743,0.001859926,0.0263,1007,0.00001846,0.706814449,1007
10.24,535.319,537.660,1784397.435,2.357E+04,5.381E+00,1.415E+01,7.570E-01,11.53570952,0.001859913,0.0263,1007,0.00001846,0.706814449,1007
10.25,535.327,537.663,1784422.67,2.353E+04,5.379E+00,1.415E+01,7.555E-01,11.53579144,0.0018599,0.0263,1007,0.00001846,0.706814449,1007
10.26,535.334,537.667,1784447.854,2.350E+04,5.377E+00,1.414E+01,7.540E-01,11.5358732,0.001859887,0.0263,1007,0.00001846,0.706814449,1007
10.27,535.342,537.671,1784472.987,2.346E+04,5.375E+00,1.414E+01,7.525E-01,11.53595479,0.001859874,0.0263,1007,0.00001846,0.706814449,1007
10.28,535.349,537.675,1784498.07,2.342E+04,5.373E+00,1.413E+01,7.510E-01,11.53603622,0.001859861,0.0263,1007,0.00001846,0.706814449,1007
10.29,535.357,537.678,1784523.102,2.338E+04,5.371E+00,1.412E+01,7.495E-01,11.53611748,0.001859848,0.0263,1007,0.00001846,0.706814449,1007
10.3,535.364,537.682,1784548.084,2.335E+04,5.368E+00,1.412E+01,7.479E-01,11.53619857,0.001859835,0.0263,1007,0.00001846,0.706814449,1007
10.31,535.372,537.686,1784573.016,2.331E+04,5.366E+00,1.411E+01,7.464E-01,11.5362795,0.001859822,0.0263,1007,0.00001846,0.706814449,1007
10.32,535.379,537.690,1784597.897,2.327E+04,5.364E+00,1.411E+01,7.449E-01,11.53636027,0.001859809,0.0263,1007,0.00001846,0.706814449,1007
10.33,535.387,537.693,1784622.729,2.323E+04,5.362E+00,1.410E+01,7.435E-01,11.53644088,0.001859796,0.0263,1007,0.00001846,0.706814449,1007
10.34,535.394,537.697,1784647.511,2.320E+04,5.360E+00,1.410E+01,7.420E-01,11.53652132,0.001859783,0.0263,1007,0.00001846,0.706814449,1007
10.35,535.402,537.701,1784672.243,2.316E+04,5.358E+00,1.409E+01,7.405E-01,11.5366016,0.00185977,0.0263,1007,0.00001846,0.706814449,1007
10.36,535.409,537.705,1784696.925,2.312E+04,5.356E+00,1.409E+01,7.390E-01,11.53668172,0.001859757,0.0263,1007,0.00001846,0.706814449,1007
10.37,535.416,537.708,1784721.558,2.309E+04,5.353E+00,1.408E+01,7.375E-01,11.53676167,0.001859745,0.0263,1007,0.00001846,0.706814449,1007
10.38,535.424,537.712,1784746.141,2.305E+04,5.351E+00,1.407E+01,7.360E-01,11.53684147,0.001859732,0.0263,1007,0.00001846,0.706814449,1007
10.39,535.431,537.716,1784770.675,2.301E+04,5.349E+00,1.407E+01,7.345E-01,11.5369211,0.001859719,0.0263,1007,0.00001846,0.706814449,1007
10.4,535.439,537.719,1784795.16,2.297E+04,5.347E+00,1.406E+01,7.331E-01,11.53700057,0.001859706,0.0263,1007,0.00001846,0.706814449,1007
10.41,535.446,537.723,1784819.596,2.294E+04,5.345E+00,1.406E+01,7.316E-01,11.53707988,0.001859694,0.0263,1007,0.00001846,0.706814449,1007
10.42,535.453,537.727,1784843.983,2.290E+04,5.343E+00,1.405E+01,7.301E-01,11.53715903,0.001859681,0.0263,1007,0.00001846,0.706814449,1007
10.43,535.460,537.730,1784868.321,2.286E+04,5.341E+00,1.405E+01,7.287E-01,11.53723803,0.001859668,0.0263,1007,0.00001846,0.706814449,1007
10.44,535.468,537.734,1784892.611,2.283E+04,5.339E+00,1.404E+01,7.272E-01,11.53731686,0.001859656,0.0263,1007,0.00001846,0.706814449,1007
10.45,535.475,537.738,1784916.852,2.279E+04,5.337E+00,1.404E+01,7.258E-01,11.53739554,0.001859643,0.0263,1007,0.00001846,0.706814449,1007
10.46,535.482,537.741,1784941.045,2.275E+04,5.334E+00,1.403E+01,7.243E-01,11.53747405,0.001859631,0.0263,1007,0.00001846,0.706814449,1007
10.47,535.490,537.745,1784965.189,2.272E+04,5.332E+00,1.402E+01,7.229E-01,11.53755241,0.001859618,0.0263,1007,0.00001846,0.706814449,1007
10.48,535.497,537.748,1784989.285,2.268E+04,5.330E+00,1.402E+01,7.214E-01,11.53763061,0.001859606,0.0263,1007,0.00001846,0.706814449,1007
10.49,535.504,537.752,1785013.333,2.265E+04,5.328E+00,1.401E+01,7.200E-01,11.53770866,0.001859593,0.0263,1007,0.00001846,0.706814449,1007
10.5,535.511,537.756,1785037.333,2.261E+04,5.326E+00,1.401E+01,7.186E-01,11.53778654,0.001859581,0.0263,1007,0.00001846,0.706814449,1007
10.51,535.518,537.759,1785061.285,2.257E+04,5.324E+00,1.400E+01,7.171E-01,11.53786428,0.001859568,0.0263,1007,0.00001846,0.706814449,1007
10.52,535.526,537.763,1785085.189,2.254E+04,5.322E+00,1.400E+01,7.157E-01,11.53794185,0.001859556,0.0263,1007,0.00001846,0.706814449,1007
10.53,535.533,537.766,1785109.046,2.250E+04,5.320E+00,1.399E+01,7.143E-01,11.53801927,0.001859544,0.0263,1007,0.00001846,0.706814449,1007
10.54,535.540,537.770,1785132.855,2.247E+04,5.318E+00,1.399E+01,7.129E-01,11.53809653,0.001859531,0.0263,1007,0.00001846,0.706814449,1007
10.55,535.547,537.773,1785156.617,2.243E+04,5.316E+00,1.398E+01,7.114E-01,11.53817364,0.001859519,0.0263,1007,0.00001846,0.706814449,1007
10.56,535.554,537.777,1785180.331,2.239E+04,5.314E+00,1.397E+01,7.100E-01,11.5382506,0.001859507,0.0263,1007,0.00001846,0.706814449,1007
10.57,535.561,537.781,1785203.999,2.236E+04,5.311E+00,1.397E+01,7.086E-01,11.5383274,0.001859494,0.0263,1007,0.00001846,0.706814449,1007
10.58,535.568,537.784,1785227.619,2.232E+04,5.309E+00,1.396E+01,7.072E-01,11.53840405,0.001859482,0.0263,1007,0.00001846,0.706814449,1007
10.59,535.575,537.788,1785251.192,2.229E+04,5.307E+00,1.396E+01,7.058E-01,11.53848054,0.00185947,0.0263,1007,0.00001846,0.706814449,1007
10.6,535.582,537.791,1785274.718,2.225E+04,5.305E+00,1.395E+01,7.044E-01,11.53855688,0.001859458,0.0263,1007,0.00001846,0.706814449,1007
10.61,535.589,537.795,1785298.198,2.222E+04,5.303E+00,1.395E+01,7.030E-01,11.53863307,0.001859446,0.0263,1007,0.00001846,0.706814449,1007
10.62,535.596,537.798,1785321.631,2.218E+04,5.301E+00,1.394E+01,7.016E-01,11.5387091,0.001859433,0.0263,1007,0.00001846,0.706814449,1007
10.63,535.604,537.802,1785345.018,2.215E+04,5.299E+00,1.394E+01,7.002E-01,11.53878499,0.001859421,0.0263,1007,0.00001846,0.706814449,1007
10.64,535.611,537.805,1785368.358,2.211E+04,5.297E+00,1.393E+01,6.988E-01,11.53886072,0.001859409,0.0263,1007,0.00001846,0.706814449,1007
10.65,535.617,537.809,1785391.652,2.208E+04,5.295E+00,1.393E+01,6.974E-01,11.5389363,0.001859397,0.0263,1007,0.00001846,0.706814449,1007
10.66,535.624,537.812,1785414.9,2.204E+04,5.293E+00,1.392E+01,6.960E-01,11.53901173,0.001859385,0.0263,1007,0.00001846,0.706814449,1007
10.67,535.631,537.816,1785438.101,2.201E+04,5.291E+00,1.391E+01,6.947E-01,11.53908701,0.001859373,0.0263,1007,0.00001846,0.706814449,1007
10.68,535.638,537.819,1785461.257,2.197E+04,5.289E+00,1.391E+01,6.933E-01,11.53916214,0.001859361,0.0263,1007,0.00001846,0.706814449,1007
10.69,535.645,537.823,1785484.367,2.194E+04,5.287E+00,1.390E+01,6.919E-01,11.53923712,0.001859349,0.0263,1007,0.00001846,0.706814449,1007
10.7,535.652,537.826,1785507.431,2.190E+04,5.285E+00,1.390E+01,6.906E-01,11.53931195,0.001859337,0.0263,1007,0.00001846,0.706814449,1007
10.71,535.659,537.830,1785530.449,2.187E+04,5.282E+00,1.389E+01,6.892E-01,11.53938663,0.001859325,0.0263,1007,0.00001846,0.706814449,1007
10.72,535.666,537.833,1785553.422,2.183E+04,5.280E+00,1.389E+01,6.878E-01,11.53946117,0.001859313,0.0263,1007,0.00001846,0.706814449,1007
10.73,535.673,537.836,1785576.35,2.180E+04,5.278E+00,1.388E+01,6.865E-01,11.53953555,0.001859301,0.0263,1007,0.00001846,0.706814449,1007
10.74,535.680,537.840,1785599.232,2.176E+04,5.276E+00,1.388E+01,6.851E-01,11.53960979,0.001859289,0.0263,1007,0.00001846,0.706814449,1007
10.75,535.687,537.843,1785622.069,2.173E+04,5.274E+00,1.387E+01,6.838E-01,11.53968388,0.001859278,0.0263,1007,0.00001846,0.706814449,1007
10.76,535.693,537.847,1785644.861,2.170E+04,5.272E+00,1.387E+01,6.824E-01,11.53975782,0.001859266,0.0263,1007,0.00001846,0.706814449,1007
10.77,535.700,537.850,1785667.608,2.166E+04,5.270E+00,1.386E+01,6.811E-01,11.53983161,0.001859254,0.0263,1007,0.00001846,0.706814449,1007
10.78,535.707,537.854,1785690.31,2.163E+04,5.268E+00,1.386E+01,6.797E-01,11.53990526,0.001859242,0.0263,1007,0.00001846,0.706814449,1007
10.79,535.714,537.857,1785712.967,2.159E+04,5.266E+00,1.385E+01,6.784E-01,11.53997876,0.00185923,0.0263,1007,0.00001846,0.706814449,1007
10.8,535.721,537.860,1785735.58,2.156E+04,5.264E+00,1.384E+01,6.770E-01,11.54005212,0.001859219,0.0263,1007,0.00001846,0.706814449,1007
10.81,535.727,537.864,1785758.148,2.153E+04,5.262E+00,1.384E+01,6.757E-01,11.54012533,0.001859207,0.0263,1007,0.00001846,0.706814449,1007
10.82,535.734,537.867,1785780.672,2.149E+04,5.260E+00,1.383E+01,6.744E-01,11.5401984,0.001859195,0.0263,1007,0.00001846,0.706814449,1007
10.83,535.741,537.870,1785803.151,2.146E+04,5.258E+00,1.383E+01,6.731E-01,11.54027132,0.001859184,0.0263,1007,0.00001846,0.706814449,1007
10.84,535.748,537.874,1785825.586,2.142E+04,5.256E+00,1.382E+01,6.717E-01,11.5403441,0.001859172,0.0263,1007,0.00001846,0.706814449,1007
10.85,535.754,537.877,1785847.977,2.139E+04,5.254E+00,1.382E+01,6.704E-01,11.54041673,0.00185916,0.0263,1007,0.00001846,0.706814449,1007
10.86,535.761,537.881,1785870.324,2.136E+04,5.252E+00,1.381E+01,6.691E-01,11.54048922,0.001859149,0.0263,1007,0.00001846,0.706814449,1007
10.87,535.768,537.884,1785892.627,2.132E+04,5.250E+00,1.381E+01,6.678E-01,11.54056156,0.001859137,0.0263,1007,0.00001846,0.706814449,1007
10.88,535.774,537.887,1785914.886,2.129E+04,5.248E+00,1.380E+01,6.665E-01,11.54063377,0.001859126,0.0263,1007,0.00001846,0.706814449,1007
10.89,535.781,537.891,1785937.102,2.126E+04,5.246E+00,1.380E+01,6.652E-01,11.54070583,0.001859114,0.0263,1007,0.00001846,0.706814449,1007
10.9,535.788,537.894,1785959.273,2.122E+04,5.244E+00,1.379E+01,6.638E-01,11.54077774,0.001859103,0.0263,1007,0.00001846,0.706814449,1007
10.91,535.794,537.897,1785981.402,2.119E+04,5.242E+00,1.379E+01,6.625E-01,11.54084952,0.001859091,0.0263,1007,0.00001846,0.706814449,1007
10.92,535.801,537.901,1786003.487,2.116E+04,5.240E+00,1.378E+01,6.612E-01,11.54092115,0.00185908,0.0263,1007,0.00001846,0.706814449,1007
10.93,535.808,537.904,1786025.528,2.112E+04,5.238E+00,1.377E+01,6.600E-01,11.54099265,0.001859068,0.0263,1007,0.00001846,0.706814449,1007
10.94,535.814,537.907,1786047.527,2.109E+04,5.236E+00,1.377E+01,6.587E-01,11.541064,0.001859057,0.0263,1007,0.00001846,0.706814449,1007
10.95,535.821,537.910,1786069.482,2.106E+04,5.234E+00,1.376E+01,6.574E-01,11.54113521,0.001859046,0.0263,1007,0.00001846,0.706814449,1007
10.96,535.827,537.914,1786091.394,2.102E+04,5.232E+00,1.376E+01,6.561E-01,11.54120628,0.001859034,0.0263,1007,0.00001846,0.706814449,1007
10.97,535.834,537.917,1786113.264,2.099E+04,5.229E+00,1.375E+01,6.548E-01,11.54127721,0.001859023,0.0263,1007,0.00001846,0.706814449,1007
10.98,535.841,537.920,1786135.09,2.096E+04,5.227E+00,1.375E+01,6.535E-01,11.541348,0.001859012,0.0263,1007,0.00001846,0.706814449,1007
10.99,535.847,537.924,1786156.874,2.092E+04,5.225E+00,1.374E+01,6.522E-01,11.54141865,0.001859,0.0263,1007,0.00001846,0.706814449,1007
11,535.854,537.927,1786178.615,2.089E+04,5.223E+00,1.374E+01,6.510E-01,11.54148916,0.001858989,0.0263,1007,0.00001846,0.706814449,1007
11.01,535.860,537.930,1786200.314,2.086E+04,5.221E+00,1.373E+01,6.497E-01,11.54155954,0.001858978,0.0263,1007,0.00001846,0.706814449,1007
11.02,535.867,537.933,1786221.97,2.083E+04,5.219E+00,1.373E+01,6.484E-01,11.54162977,0.001858967,0.0263,1007,0.00001846,0.706814449,1007
11.03,535.873,537.937,1786243.585,2.079E+04,5.217E+00,1.372E+01,6.472E-01,11.54169987,0.001858955,0.0263,1007,0.00001846,0.706814449,1007
11.04,535.880,537.940,1786265.156,2.076E+04,5.215E+00,1.372E+01,6.459E-01,11.54176983,0.001858944,0.0263,1007,0.00001846,0.706814449,1007
11.05,535.886,537.943,1786286.686,2.073E+04,5.213E+00,1.371E+01,6.446E-01,11.54183965,0.001858933,0.0263,1007,0.00001846,0.706814449,1007
11.06,535.892,537.946,1786308.174,2.070E+04,5.211E+00,1.371E+01,6.434E-01,11.54190934,0.001858922,0.0263,1007,0.00001846,0.706814449,1007
11.07,535.899,537.949,1786329.62,2.066E+04,5.209E+00,1.370E+01,6.421E-01,11.54197888,0.001858911,0.0263,1007,0.00001846,0.706814449,1007
11.08,535.905,537.953,1786351.024,2.063E+04,5.207E+00,1.370E+01,6.409E-01,11.5420483,0.0018589,0.0263,1007,0.00001846,0.706814449,1007
11.09,535.912,537.956,1786372.386,2.060E+04,5.205E+00,1.369E+01,6.396E-01,11.54211757,0.001858889,0.0263,1007,0.00001846,0.706814449,1007
11.1,535.918,537.959,1786393.707,2.057E+04,5.203E+00,1.369E+01,6.384E-01,11.54218671,0.001858878,0.0263,1007,0.00001846,0.706814449,1007
11.11,535.924,537.962,1786414.986,2.054E+04,5.201E+00,1.368E+01,6.371E-01,11.54225572,0.001858866,0.0263,1007,0.00001846,0.706814449,1007
11.12,535.931,537.965,1786436.224,2.050E+04,5.199E+00,1.367E+01,6.359E-01,11.54232459,0.001858855,0.0263,1007,0.00001846,0.706814449,1007
11.13,535.937,537.969,1786457.421,2.047E+04,5.197E+00,1.367E+01,6.347E-01,11.54239332,0.001858845,0.0263,1007,0.00001846,0.706814449,1007
11.14,535.944,537.972,1786478.576,2.044E+04,5.195E+00,1.366E+01,6.334E-01,11.54246192,0.001858834,0.0263,1007,0.00001846,0.706814449,1007
11.15,535.950,537.975,1786499.69,2.041E+04,5.193E+00,1.366E+01,6.322E-01,11.54253039,0.001858823,0.0263,1007,0.00001846,0.706814449,1007
11.16,535.956,537.978,1786520.763,2.038E+04,5.192E+00,1.365E+01,6.310E-01,11.54259872,0.001858812,0.0263,1007,0.00001846,0.706814449,1007
11.17,535.963,537.981,1786541.795,2.035E+04,5.190E+00,1.365E+01,6.297E-01,11.54266692,0.001858801,0.0263,1007,0.00001846,0.706814449,1007
11.18,535.969,537.984,1786562.787,2.031E+04,5.188E+00,1.364E+01,6.285E-01,11.54273499,0.00185879,0.0263,1007,0.00001846,0.706814449,1007
11.19,535.975,537.988,1786583.737,2.028E+04,5.186E+00,1.364E+01,6.273E-01,11.54280292,0.001858779,0.0263,1007,0.00001846,0.706814449,1007
11.2,535.981,537.991,1786604.647,2.025E+04,5.184E+00,1.363E+01,6.261E-01,11.54287072,0.001858768,0.0263,1007,0.00001846,0.706814449,1007
11.21,535.988,537.994,1786625.517,2.022E+04,5.182E+00,1.363E+01,6.249E-01,11.54293839,0.001858757,0.0263,1007,0.00001846,0.706814449,1007
11.22,535.994,537.997,1786646.346,2.019E+04,5.180E+00,1.362E+01,6.237E-01,11.54300592,0.001858747,0.0263,1007,0.00001846,0.706814449,1007
11.23,536.000,538.000,1786667.134,2.016E+04,5.178E+00,1.362E+01,6.225E-01,11.54307333,0.001858736,0.0263,1007,0.00001846,0.706814449,1007
11.24,536.006,538.003,1786687.883,2.013E+04,5.176E+00,1.361E+01,6.212E-01,11.5431406,0.001858725,0.0263,1007,0.00001846,0.706814449,1007
11.25,536.013,538.006,1786708.591,2.009E+04,5.174E+00,1.361E+01,6.200E-01,11.54320774,0.001858714,0.0263,1007,0.00001846,0.706814449,1007
11.26,536.019,538.009,1786729.259,2.006E+04,5.172E+00,1.360E+01,6.188E-01,11.54327475,0.001858704,0.0263,1007,0.00001846,0.706814449,1007
11.27,536.025,538.012,1786749.887,2.003E+04,5.170E+00,1.360E+01,6.176E-01,11.54334163,0.001858693,0.0263,1007,0.00001846,0.706814449,1007
11.28,536.031,538.016,1786770.475,2.000E+04,5.168E+00,1.359E+01,6.165E-01,11.54340838,0.001858682,0.0263,1007,0.00001846,0.706814449,1007
11.29,536.037,538.019,1786791.024,1.997E+04,5.166E+00,1.359E+01,6.153E-01,11.543475,0.001858672,0.0263,1007,0.00001846,0.706814449,1007
11.3,536.043,538.022,1786811.532,1.994E+04,5.164E+00,1.358E+01,6.141E-01,11.5435415,0.001858661,0.0263,1007,0.00001846,0.706814449,1007
11.31,536.050,538.025,1786832.001,1.991E+04,5.162E+00,1.358E+01,6.129E-01,11.54360786,0.00185865,0.0263,1007,0.00001846,0.706814449,1007
11.32,536.056,538.028,1786852.431,1.988E+04,5.160E+00,1.357E+01,6.117E-01,11.54367409,0.00185864,0.0263,1007,0.00001846,0.706814449,1007
11.33,536.062,538.031,1786872.821,1.985E+04,5.158E+00,1.357E+01,6.105E-01,11.54374019,0.001858629,0.0263,1007,0.00001846,0.706814449,1007
11.34,536.068,538.034,1786893.172,1.982E+04,5.156E+00,1.356E+01,6.093E-01,11.54380617,0.001858619,0.0263,1007,0.00001846,0.706814449,1007
11.35,536.074,538.037,1786913.483,1.979E+04,5.154E+00,1.356E+01,6.082E-01,11.54387202,0.001858608,0.0263,1007,0.00001846,0.706814449,1007
11.36,536.080,538.040,1786933.756,1.975E+04,5.152E+00,1.355E+01,6.070E-01,11.54393774,0.001858598,0.0263,1007,0.00001846,0.706814449,1007
11.37,536.086,538.043,1786953.989,1.972E+04,5.150E+00,1.355E+01,6.058E-01,11.54400333,0.001858587,0.0263,1007,0.00001846,0.706814449,1007
11.38,536.092,538.046,1786974.183,1.969E+04,5.148E+00,1.354E+01,6.047E-01,11.5440688,0.001858577,0.0263,1007,0.00001846,0.706814449,1007
11.39,536.098,538.049,1786994.339,1.966E+04,5.146E+00,1.353E+01,6.035E-01,11.54413414,0.001858566,0.0263,1007,0.00001846,0.706814449,1007
11.4,536.104,538.052,1787014.455,1.963E+04,5.144E+00,1.353E+01,6.023E-01,11.54419935,0.001858556,0.0263,1007,0.00001846,0.706814449,1007
11.41,536.110,538.055,1787034.533,1.960E+04,5.142E+00,1.352E+01,6.012E-01,11.54426444,0.001858545,0.0263,1007,0.00001846,0.706814449,1007
11.42,536.116,538.058,1787054.572,1.957E+04,5.140E+00,1.352E+01,6.000E-01,11.5443294,0.001858535,0.0263,1007,0.00001846,0.706814449,1007
11.43,536.122,538.061,1787074.573,1.954E+04,5.139E+00,1.351E+01,5.989E-01,11.54439423,0.001858525,0.0263,1007,0.00001846,0.706814449,1007
11.44,536.128,538.064,1787094.536,1.951E+04,5.137E+00,1.351E+01,5.977E-01,11.54445894,0.001858514,0.0263,1007,0.00001846,0.706814449,1007
11.45,536.134,538.067,1787114.46,1.948E+04,5.135E+00,1.350E+01,5.966E-01,11.54452353,0.001858504,0.0263,1007,0.00001846,0.706814449,1007
11.46,536.140,538.070,1787134.345,1.945E+04,5.133E+00,1.350E+01,5.954E-01,11.54458799,0.001858494,0.0263,1007,0.00001846,0.706814449,1007
11.47,536.146,538.073,1787154.193,1.942E+04,5.131E+00,1.349E+01,5.943E-01,11.54465232,0.001858483,0.0263,1007,0.00001846,0.706814449,1007
11.48,536.152,538.076,1787174.002,1.939E+04,5.129E+00,1.349E+01,5.931E-01,11.54471653,0.001858473,0.0263,1007,0.00001846,0.706814449,1007
11.49,536.158,538.079,1787193.774,1.936E+04,5.127E+00,1.348E+01,5.920E-01,11.54478062,0.001858463,0.0263,1007,0.00001846,0.706814449,1007
11.5,536.164,538.082,1787213.507,1.933E+04,5.125E+00,1.348E+01,5.909E-01,11.54484459,0.001858453,0.0263,1007,0.00001846,0.706814449,1007
11.51,536.170,538.085,1787233.203,1.930E+04,5.123E+00,1.347E+01,5.897E-01,11.54490843,0.001858443,0.0263,1007,0.00001846,0.706814449,1007
11.52,536.176,538.088,1787252.861,1.927E+04,5.121E+00,1.347E+01,5.886E-01,11.54497214,0.001858432,0.0263,1007,0.00001846,0.706814449,1007
11.53,536.182,538.091,1787272.481,1.924E+04,5.119E+00,1.346E+01,5.875E-01,11.54503574,0.001858422,0.0263,1007,0.00001846,0.706814449,1007
11.54,536.188,538.094,1787292.064,1.922E+04,5.117E+00,1.346E+01,5.864E-01,11.54509921,0.001858412,0.0263,1007,0.00001846,0.706814449,1007
11.55,536.193,538.097,1787311.609,1.919E+04,5.115E+00,1.345E+01,5.852E-01,11.54516256,0.001858402,0.0263,1007,0.00001846,0.706814449,1007
11.56,536.199,538.100,1787331.117,1.916E+04,5.113E+00,1.345E+01,5.841E-01,11.54522579,0.001858392,0.0263,1007,0.00001846,0.706814449,1007
11.57,536.205,538.103,1787350.588,1.913E+04,5.112E+00,1.344E+01,5.830E-01,11.5452889,0.001858382,0.0263,1007,0.00001846,0.706814449,1007
11.58,536.211,538.106,1787370.021,1.910E+04,5.110E+00,1.344E+01,5.819E-01,11.54535188,0.001858372,0.0263,1007,0.00001846,0.706814449,1007
11.59,536.217,538.108,1787389.417,1.907E+04,5.108E+00,1.343E+01,5.808E-01,11.54541474,0.001858362,0.0263,1007,0.00001846,0.706814449,1007
11.6,536.223,538.111,1787408.776,1.904E+04,5.106E+00,1.343E+01,5.797E-01,11.54547749,0.001858352,0.0263,1007,0.00001846,0.706814449,1007
11.61,536.228,538.114,1787428.099,1.901E+04,5.104E+00,1.342E+01,5.786E-01,11.54554011,0.001858342,0.0263,1007,0.00001846,0.706814449,1007
11.62,536.234,538.117,1787447.384,1.898E+04,5.102E+00,1.342E+01,5.775E-01,11.54560261,0.001858332,0.0263,1007,0.00001846,0.706814449,1007
11.63,536.240,538.120,1787466.633,1.895E+04,5.100E+00,1.341E+01,5.764E-01,11.545665,0.001858322,0.0263,1007,0.00001846,0.706814449,1007
11.64,536.246,538.123,1787485.844,1.892E+04,5.098E+00,1.341E+01,5.753E-01,11.54572726,0.001858312,0.0263,1007,0.00001846,0.706814449,1007
11.65,536.252,538.126,1787505.02,1.889E+04,5.096E+00,1.340E+01,5.742E-01,11.5457894,0.001858302,0.0263,1007,0.00001846,0.706814449,1007
11.66,536.257,538.129,1787524.158,1.887E+04,5.094E+00,1.340E+01,5.731E-01,11.54585143,0.001858292,0.0263,1007,0.00001846,0.706814449,1007
11.67,536.263,538.131,1787543.261,1.884E+04,5.092E+00,1.339E+01,5.720E-01,11.54591334,0.001858282,0.0263,1007,0.00001846,0.706814449,1007
11.68,536.269,538.134,1787562.326,1.881E+04,5.091E+00,1.339E+01,5.709E-01,11.54597512,0.001858272,0.0263,1007,0.00001846,0.706814449,1007
11.69,536.274,538.137,1787581.356,1.878E+04,5.089E+00,1.338E+01,5.698E-01,11.54603679,0.001858262,0.0263,1007,0.00001846,0.706814449,1007
11.7,536.280,538.140,1787600.349,1.875E+04,5.087E+00,1.338E+01,5.687E-01,11.54609834,0.001858252,0.0263,1007,0.00001846,0.706814449,1007
11.71,536.286,538.143,1787619.307,1.872E+04,5.085E+00,1.337E+01,5.676E-01,11.54615978,0.001858242,0.0263,1007,0.00001846,0.706814449,1007
11.72,536.291,538.146,1787638.228,1.869E+04,5.083E+00,1.337E+01,5.666E-01,11.54622109,0.001858233,0.0263,1007,0.00001846,0.706814449,1007
11.73,536.297,538.149,1787657.113,1.867E+04,5.081E+00,1.336E+01,5.655E-01,11.54628229,0.001858223,0.0263,1007,0.00001846,0.706814449,1007
11.74,536.303,538.151,1787675.962,1.864E+04,5.079E+00,1.336E+01,5.644E-01,11.54634337,0.001858213,0.0263,1007,0.00001846,0.706814449,1007
11.75,536.308,538.154,1787694.776,1.861E+04,5.077E+00,1.335E+01,5.633E-01,11.54640434,0.001858203,0.0263,1007,0.00001846,0.706814449,1007
11.76,536.314,538.157,1787713.554,1.858E+04,5.075E+00,1.335E+01,5.623E-01,11.54646519,0.001858194,0.0263,1007,0.00001846,0.706814449,1007
11.77,536.320,538.160,1787732.296,1.855E+04,5.073E+00,1.334E+01,5.612E-01,11.54652592,0.001858184,0.0263,1007,0.00001846,0.706814449,1007
11.78,536.325,538.163,1787751.003,1.852E+04,5.072E+00,1.334E+01,5.601E-01,11.54658654,0.001858174,0.0263,1007,0.00001846,0.706814449,1007
11.79,536.331,538.165,1787769.674,1.850E+04,5.070E+00,1.333E+01,5.591E-01,11.54664704,0.001858165,0.0263,1007,0.00001846,0.706814449,1007
11.8,536.336,538.168,1787788.31,1.847E+04,5.068E+00,1.333E+01,5.580E-01,11.54670743,0.001858155,0.0263,1007,0.00001846,0.706814449,1007
11.81,536.342,538.171,1787806.91,1.844E+04,5.066E+00,1.332E+01,5.570E-01,11.5467677,0.001858145,0.0263,1007,0.00001846,0.706814449,1007
11.82,536.348,538.174,1787825.475,1.841E+04,5.064E+00,1.332E+01,5.559E-01,11.54682785,0.001858136,0.0263,1007,0.00001846,0.706814449,1007
11.83,536.353,538.177,1787844.005,1.838E+04,5.062E+00,1.331E+01,5.549E-01,11.5468879,0.001858126,0.0263,1007,0.00001846,0.706814449,1007
11.84,536.359,538.179,1787862.5,1.836E+04,5.060E+00,1.331E+01,5.538E-01,11.54694782,0.001858117,0.0263,1007,0.00001846,0.706814449,1007
11.85,536.364,538.182,1787880.961,1.833E+04,5.058E+00,1.330E+01,5.528E-01,11.54700764,0.001858107,0.0263,1007,0.00001846,0.706814449,1007
11.86,536.370,538.185,1787899.386,1.830E+04,5.057E+00,1.330E+01,5.517E-01,11.54706734,0.001858097,0.0263,1007,0.00001846,0.706814449,1007
11.87,536.375,538.188,1787917.776,1.827E+04,5.055E+00,1.329E+01,5.507E-01,11.54712692,0.001858088,0.0263,1007,0.00001846,0.706814449,1007
11.88,536.381,538.190,1787936.132,1.824E+04,5.053E+00,1.329E+01,5.496E-01,11.5471864,0.001858078,0.0263,1007,0.00001846,0.706814449,1007
11.89,536.386,538.193,1787954.452,1.822E+04,5.051E+00,1.328E+01,5.486E-01,11.54724576,0.001858069,0.0263,1007,0.00001846,0.706814449,1007
11.9,536.392,538.196,1787972.739,1.819E+04,5.049E+00,1.328E+01,5.476E-01,11.54730501,0.001858059,0.0263,1007,0.00001846,0.706814449,1007
11.91,536.397,538.199,1787990.991,1.816E+04,5.047E+00,1.327E+01,5.465E-01,11.54736414,0.00185805,0.0263,1007,0.00001846,0.706814449,1007
11.92,536.403,538.201,1788009.208,1.813E+04,5.045E+00,1.327E+01,5.455E-01,11.54742316,0.001858041,0.0263,1007,0.00001846,0.706814449,1007
11.93,536.408,538.204,1788027.391,1.811E+04,5.043E+00,1.326E+01,5.445E-01,11.54748208,0.001858031,0.0263,1007,0.00001846,0.706814449,1007
11.94,536.414,538.207,1788045.54,1.808E+04,5.042E+00,1.326E+01,5.434E-01,11.54754087,0.001858022,0.0263,1007,0.00001846,0.706814449,1007
11.95,536.419,538.210,1788063.654,1.805E+04,5.040E+00,1.325E+01,5.424E-01,11.54759956,0.001858012,0.0263,1007,0.00001846,0.706814449,1007
11.96,536.425,538.212,1788081.735,1.803E+04,5.038E+00,1.325E+01,5.414E-01,11.54765814,0.001858003,0.0263,1007,0.00001846,0.706814449,1007
11.97,536.430,538.215,1788099.781,1.800E+04,5.036E+00,1.324E+01,5.404E-01,11.54771661,0.001857994,0.0263,1007,0.00001846,0.706814449,1007
11.98,536.435,538.218,1788117.793,1.797E+04,5.034E+00,1.324E+01,5.394E-01,11.54777496,0.001857984,0.0263,1007,0.00001846,0.706814449,1007
11.99,536.441,538.220,1788135.772,1.794E+04,5.032E+00,1.324E+01,5.383E-01,11.54783321,0.001857975,0.0263,1007,0.00001846,0.706814449,1007
12,536.446,538.223,1788153.716,1.792E+04,5.030E+00,1.323E+01,5.373E-01,11.54789134,0.001857966,0.0263,1007,0.00001846,0.706814449,1007
12.01,536.451,538.226,1788171.627,1.789E+04,5.029E+00,1.323E+01,5.363E-01,11.54794937,0.001857956,0.0263,1007,0.00001846,0.706814449,1007
12.02,536.457,538.228,1788189.505,1.786E+04,5.027E+00,1.322E+01,5.353E-01,11.54800728,0.001857947,0.0263,1007,0.00001846,0.706814449,1007
12.03,536.462,538.231,1788207.348,1.784E+04,5.025E+00,1.322E+01,5.343E-01,11.54806509,0.001857938,0.0263,1007,0.00001846,0.706814449,1007
12.04,536.468,538.234,1788225.159,1.781E+04,5.023E+00,1.321E+01,5.333E-01,11.54812278,0.001857929,0.0263,1007,0.00001846,0.706814449,1007
12.05,536.473,538.236,1788242.935,1.778E+04,5.021E+00,1.321E+01,5.323E-01,11.54818037,0.00185792,0.0263,1007,0.00001846,0.706814449,1007
12.06,536.478,538.239,1788260.679,1.776E+04,5.019E+00,1.320E+01,5.313E-01,11.54823785,0.00185791,0.0263,1007,0.00001846,0.706814449,1007
12.07,536.484,538.242,1788278.389,1.773E+04,5.018E+00,1.320E+01,5.303E-01,11.54829522,0.001857901,0.0263,1007,0.00001846,0.706814449,1007
12.08,536.489,538.244,1788296.066,1.770E+04,5.016E+00,1.319E+01,5.293E-01,11.54835249,0.001857892,0.0263,1007,0.00001846,0.706814449,1007
12.09,536.494,538.247,1788313.709,1.768E+04,5.014E+00,1.319E+01,5.283E-01,11.54840964,0.001857883,0.0263,1007,0.00001846,0.706814449,1007
12.1,536.499,538.250,1788331.32,1.765E+04,5.012E+00,1.318E+01,5.273E-01,11.54846669,0.001857874,0.0263,1007,0.00001846,0.706814449,1007
12.11,536.505,538.252,1788348.898,1.762E+04,5.010E+00,1.318E+01,5.263E-01,11.54852363,0.001857865,0.0263,1007,0.00001846,0.706814449,1007
12.12,536.510,538.255,1788366.442,1.760E+04,5.008E+00,1.317E+01,5.254E-01,11.54858046,0.001857856,0.0263,1007,0.00001846,0.706814449,1007
12.13,536.515,538.258,1788383.954,1.757E+04,5.007E+00,1.317E+01,5.244E-01,11.54863719,0.001857847,0.0263,1007,0.00001846,0.706814449,1007
12.14,536.520,538.260,1788401.434,1.754E+04,5.005E+00,1.316E+01,5.234E-01,11.5486938,0.001857837,0.0263,1007,0.00001846,0.706814449,1007
12.15,536.526,538.263,1788418.88,1.752E+04,5.003E+00,1.316E+01,5.224E-01,11.54875032,0.001857828,0.0263,1007,0.00001846,0.706814449,1007
12.16,536.531,538.265,1788436.294,1.749E+04,5.001E+00,1.315E+01,5.214E-01,11.54880672,0.001857819,0.0263,1007,0.00001846,0.706814449,1007
12.17,536.536,538.268,1788453.675,1.746E+04,4.999E+00,1.315E+01,5.205E-01,11.54886302,0.00185781,0.0263,1007,0.00001846,0.706814449,1007
12.18,536.541,538.271,1788471.024,1.744E+04,4.997E+00,1.314E+01,5.195E-01,11.54891922,0.001857801,0.0263,1007,0.00001846,0.706814449,1007
12.19,536.547,538.273,1788488.341,1.741E+04,4.996E+00,1.314E+01,5.185E-01,11.54897531,0.001857792,0.0263,1007,0.00001846,0.706814449,1007
12.2,536.552,538.276,1788505.625,1.739E+04,4.994E+00,1.313E+01,5.176E-01,11.54903129,0.001857784,0.0263,1007,0.00001846,0.706814449,1007
12.21,536.557,538.278,1788522.877,1.736E+04,4.992E+00,1.313E+01,5.166E-01,11.54908717,0.001857775,0.0263,1007,0.00001846,0.706814449,1007
12.22,536.562,538.281,1788540.096,1.733E+04,4.990E+00,1.312E+01,5.156E-01,11.54914295,0.001857766,0.0263,1007,0.00001846,0.706814449,1007
12.23,536.567,538.284,1788557.284,1.731E+04,4.988E+00,1.312E+01,5.147E-01,11.54919861,0.001857757,0.0263,1007,0.00001846,0.706814449,1007
12.24,536.572,538.286,1788574.439,1.728E+04,4.986E+00,1.311E+01,5.137E-01,11.54925418,0.001857748,0.0263,1007,0.00001846,0.706814449,1007
12.25,536.577,538.289,1788591.563,1.726E+04,4.985E+00,1.311E+01,5.128E-01,11.54930964,0.001857739,0.0263,1007,0.00001846,0.706814449,1007
12.26,536.583,538.291,1788608.655,1.723E+04,4.983E+00,1.310E+01,5.118E-01,11.549365,0.00185773,0.0263,1007,0.00001846,0.706814449,1007
12.27,536.588,538.294,1788625.715,1.721E+04,4.981E+00,1.310E+01,5.108E-01,11.54942025,0.001857721,0.0263,1007,0.00001846,0.706814449,1007
12.28,536.593,538.296,1788642.743,1.718E+04,4.979E+00,1.310E+01,5.099E-01,11.5494754,0.001857713,0.0263,1007,0.00001846,0.706814449,1007
12.29,536.598,538.299,1788659.739,1.715E+04,4.977E+00,1.309E+01,5.089E-01,11.54953045,0.001857704,0.0263,1007,0.00001846,0.706814449,1007
12.3,536.603,538.302,1788676.704,1.713E+04,4.976E+00,1.309E+01,5.080E-01,11.5495854,0.001857695,0.0263,1007,0.00001846,0.706814449,1007
12.31,536.608,538.304,1788693.637,1.710E+04,4.974E+00,1.308E+01,5.071E-01,11.54964024,0.001857686,0.0263,1007,0.00001846,0.706814449,1007
12.32,536.613,538.307,1788710.539,1.708E+04,4.972E+00,1.308E+01,5.061E-01,11.54969498,0.001857677,0.0263,1007,0.00001846,0.706814449,1007
12.33,536.618,538.309,1788727.409,1.705E+04,4.970E+00,1.307E+01,5.052E-01,11.54974961,0.001857669,0.0263,1007,0.00001846,0.706814449,1007
12.34,536.623,538.312,1788744.249,1.703E+04,4.968E+00,1.307E+01,5.042E-01,11.54980415,0.00185766,0.0263,1007,0.00001846,0.706814449,1007
12.35,536.628,538.314,1788761.056,1.700E+04,4.967E+00,1.306E+01,5.033E-01,11.54985858,0.001857651,0.0263,1007,0.00001846,0.706814449,1007
12.36,536.633,538.317,1788777.833,1.698E+04,4.965E+00,1.306E+01,5.024E-01,11.54991291,0.001857643,0.0263,1007,0.00001846,0.706814449,1007
12.37,536.638,538.319,1788794.579,1.695E+04,4.963E+00,1.305E+01,5.014E-01,11.54996715,0.001857634,0.0263,1007,0.00001846,0.706814449,1007
12.38,536.643,538.322,1788811.293,1.693E+04,4.961E+00,1.305E+01,5.005E-01,11.55002127,0.001857625,0.0263,1007,0.00001846,0.706814449,1007
12.39,536.648,538.324,1788827.977,1.690E+04,4.959E+00,1.304E+01,4.996E-01,11.5500753,0.001857617,0.0263,1007,0.00001846,0.706814449,1007
12.4,536.653,538.327,1788844.629,1.688E+04,4.958E+00,1.304E+01,4.987E-01,11.55012923,0.001857608,0.0263,1007,0.00001846,0.706814449,1007
12.41,536.658,538.329,1788861.251,1.685E+04,4.956E+00,1.303E+01,4.977E-01,11.55018306,0.001857599,0.0263,1007,0.00001846,0.706814449,1007
12.42,536.663,538.332,1788877.842,1.682E+04,4.954E+00,1.303E+01,4.968E-01,11.55023679,0.001857591,0.0263,1007,0.00001846,0.706814449,1007
12.43,536.668,538.334,1788894.402,1.680E+04,4.952E+00,1.302E+01,4.959E-01,11.55029042,0.001857582,0.0263,1007,0.00001846,0.706814449,1007
12.44,536.673,538.337,1788910.932,1.678E+04,4.950E+00,1.302E+01,4.950E-01,11.55034394,0.001857574,0.0263,1007,0.00001846,0.706814449,1007
12.45,536.678,538.339,1788927.431,1.675E+04,4.949E+00,1.301E+01,4.941E-01,11.55039737,0.001857565,0.0263,1007,0.00001846,0.706814449,1007
12.46,536.683,538.342,1788943.9,1.673E+04,4.947E+00,1.301E+01,4.931E-01,11.5504507,0.001857557,0.0263,1007,0.00001846,0.706814449,1007
12.47,536.688,538.344,1788960.338,1.670E+04,4.945E+00,1.301E+01,4.922E-01,11.55050393,0.001857548,0.0263,1007,0.00001846,0.706814449,1007
12.48,536.693,538.347,1788976.745,1.668E+04,4.943E+00,1.300E+01,4.913E-01,11.55055706,0.00185754,0.0263,1007,0.00001846,0.706814449,1007
12.49,536.698,538.349,1788993.123,1.665E+04,4.941E+00,1.300E+01,4.904E-01,11.5506101,0.001857531,0.0263,1007,0.00001846,0.706814449,1007
12.5,536.703,538.351,1789009.47,1.663E+04,4.940E+00,1.299E+01,4.895E-01,11.55066303,0.001857523,0.0263,1007,0.00001846,0.706814449,1007
12.51,536.708,538.354,1789025.787,1.660E+04,4.938E+00,1.299E+01,4.886E-01,11.55071587,0.001857514,0.0263,1007,0.00001846,0.706814449,1007
12.52,536.713,538.356,1789042.074,1.658E+04,4.936E+00,1.298E+01,4.877E-01,11.55076861,0.001857506,0.0263,1007,0.00001846,0.706814449,1007
12.53,536.717,538.359,1789058.331,1.655E+04,4.934E+00,1.298E+01,4.868E-01,11.55082125,0.001857497,0.0263,1007,0.00001846,0.706814449,1007
12.54,536.722,538.361,1789074.558,1.653E+04,4.933E+00,1.297E+01,4.859E-01,11.55087379,0.001857489,0.0263,1007,0.00001846,0.706814449,1007
12.55,536.727,538.364,1789090.755,1.650E+04,4.931E+00,1.297E+01,4.850E-01,11.55092624,0.001857481,0.0263,1007,0.00001846,0.706814449,1007
12.56,536.732,538.366,1789106.923,1.648E+04,4.929E+00,1.296E+01,4.841E-01,11.55097858,0.001857472,0.0263,1007,0.00001846,0.706814449,1007
12.57,536.737,538.368,1789123.06,1.646E+04,4.927E+00,1.296E+01,4.832E-01,11.55103084,0.001857464,0.0263,1007,0.00001846,0.706814449,1007
12.58,536.742,538.371,1789139.168,1.643E+04,4.925E+00,1.295E+01,4.823E-01,11.55108299,0.001857456,0.0263,1007,0.00001846,0.706814449,1007
12.59,536.747,538.373,1789155.246,1.641E+04,4.924E+00,1.295E+01,4.815E-01,11.55113505,0.001857447,0.0263,1007,0.00001846,0.706814449,1007
12.6,536.751,538.376,1789171.295,1.638E+04,4.922E+00,1.294E+01,4.806E-01,11.55118701,0.001857439,0.0263,1007,0.00001846,0.706814449,1007
12.61,536.756,538.378,1789187.314,1.636E+04,4.920E+00,1.294E+01,4.797E-01,11.55123888,0.001857431,0.0263,1007,0.00001846,0.706814449,1007
12.62,536.761,538.380,1789203.303,1.633E+04,4.918E+00,1.294E+01,4.788E-01,11.55129065,0.001857422,0.0263,1007,0.00001846,0.706814449,1007
12.63,536.766,538.383,1789219.264,1.631E+04,4.917E+00,1.293E+01,4.779E-01,11.55134233,0.001857414,0.0263,1007,0.00001846,0.706814449,1007
12.64,536.771,538.385,1789235.195,1.629E+04,4.915E+00,1.293E+01,4.771E-01,11.55139391,0.001857406,0.0263,1007,0.00001846,0.706814449,1007
12.65,536.775,538.388,1789251.097,1.626E+04,4.913E+00,1.292E+01,4.762E-01,11.55144539,0.001857398,0.0263,1007,0.00001846,0.706814449,1007
12.66,536.780,538.390,1789266.969,1.624E+04,4.911E+00,1.292E+01,4.753E-01,11.55149678,0.001857389,0.0263,1007,0.00001846,0.706814449,1007
12.67,536.785,538.392,1789282.813,1.621E+04,4.910E+00,1.291E+01,4.744E-01,11.55154808,0.001857381,0.0263,1007,0.00001846,0.706814449,1007
12.68,536.790,538.395,1789298.627,1.619E+04,4.908E+00,1.291E+01,4.736E-01,11.55159928,0.001857373,0.0263,1007,0.00001846,0.706814449,1007
12.69,536.794,538.397,1789314.412,1.617E+04,4.906E+00,1.290E+01,4.727E-01,11.55165038,0.001857365,0.0263,1007,0.00001846,0.706814449,1007
12.7,536.799,538.400,1789330.169,1.614E+04,4.904E+00,1.290E+01,4.718E-01,11.5517014,0.001857357,0.0263,1007,0.00001846,0.706814449,1007
12.71,536.804,538.402,1789345.897,1.612E+04,4.903E+00,1.289E+01,4.710E-01,11.55175232,0.001857349,0.0263,1007,0.00001846,0.706814449,1007
12.72,536.808,538.404,1789361.595,1.610E+04,4.901E+00,1.289E+01,4.701E-01,11.55180314,0.001857341,0.0263,1007,0.00001846,0.706814449,1007
12.73,536.813,538.407,1789377.265,1.607E+04,4.899E+00,1.288E+01,4.692E-01,11.55185387,0.001857332,0.0263,1007,0.00001846,0.706814449,1007
12.74,536.818,538.409,1789392.907,1.605E+04,4.897E+00,1.288E+01,4.684E-01,11.55190451,0.001857324,0.0263,1007,0.00001846,0.706814449,1007
12.75,536.823,538.411,1789408.52,1.602E+04,4.896E+00,1.288E+01,4.675E-01,11.55195505,0.001857316,0.0263,1007,0.00001846,0.706814449,1007
12.76,536.827,538.414,1789424.104,1.600E+04,4.894E+00,1.287E+01,4.667E-01,11.55200551,0.001857308,0.0263,1007,0.00001846,0.706814449,1007
12.77,536.832,538.416,1789439.66,1.598E+04,4.892E+00,1.287E+01,4.658E-01,11.55205587,0.0018573,0.0263,1007,0.00001846,0.706814449,1007
12.78,536.837,538.418,1789455.187,1.595E+04,4.890E+00,1.286E+01,4.650E-01,11.55210613,0.001857292,0.0263,1007,0.00001846,0.706814449,1007
12.79,536.841,538.421,1789470.686,1.593E+04,4.889E+00,1.286E+01,4.641E-01,11.55215631,0.001857284,0.0263,1007,0.00001846,0.706814449,1007
12.8,536.846,538.423,1789486.157,1.591E+04,4.887E+00,1.285E+01,4.633E-01,11.55220639,0.001857276,0.0263,1007,0.00001846,0.706814449,1007
12.81,536.850,538.425,1789501.6,1.588E+04,4.885E+00,1.285E+01,4.624E-01,11.55225638,0.001857268,0.0263,1007,0.00001846,0.706814449,1007
12.82,536.855,538.428,1789517.014,1.586E+04,4.883E+00,1.284E+01,4.616E-01,11.55230628,0.00185726,0.0263,1007,0.00001846,0.706814449,1007
12.83,536.860,538.430,1789532.4,1.584E+04,4.882E+00,1.284E+01,4.607E-01,11.55235609,0.001857252,0.0263,1007,0.00001846,0.706814449,1007
12.84,536.864,538.432,1789547.758,1.581E+04,4.880E+00,1.283E+01,4.599E-01,11.55240581,0.001857244,0.0263,1007,0.00001846,0.706814449,1007
12.85,536.869,538.434,1789563.089,1.579E+04,4.878E+00,1.283E+01,4.591E-01,11.55245543,0.001857236,0.0263,1007,0.00001846,0.706814449,1007
12.86,536.874,538.437,1789578.391,1.577E+04,4.876E+00,1.283E+01,4.582E-01,11.55250497,0.001857228,0.0263,1007,0.00001846,0.706814449,1007
12.87,536.878,538.439,1789593.665,1.575E+04,4.875E+00,1.282E+01,4.574E-01,11.55255441,0.00185722,0.0263,1007,0.00001846,0.706814449,1007
12.88,536.883,538.441,1789608.912,1.572E+04,4.873E+00,1.282E+01,4.566E-01,11.55260377,0.001857213,0.0263,1007,0.00001846,0.706814449,1007
12.89,536.887,538.444,1789624.131,1.570E+04,4.871E+00,1.281E+01,4.557E-01,11.55265303,0.001857205,0.0263,1007,0.00001846,0.706814449,1007
12.9,536.892,538.446,1789639.322,1.568E+04,4.870E+00,1.281E+01,4.549E-01,11.55270221,0.001857197,0.0263,1007,0.00001846,0.706814449,1007
12.91,536.896,538.448,1789654.486,1.565E+04,4.868E+00,1.280E+01,4.541E-01,11.55275129,0.001857189,0.0263,1007,0.00001846,0.706814449,1007
12.92,536.901,538.450,1789669.622,1.563E+04,4.866E+00,1.280E+01,4.533E-01,11.55280028,0.001857181,0.0263,1007,0.00001846,0.706814449,1007
12.93,536.905,538.453,1789684.73,1.561E+04,4.864E+00,1.279E+01,4.524E-01,11.55284919,0.001857173,0.0263,1007,0.00001846,0.706814449,1007
12.94,536.910,538.455,1789699.811,1.559E+04,4.863E+00,1.279E+01,4.516E-01,11.552898,0.001857166,0.0263,1007,0.00001846,0.706814449,1007
12.95,536.914,538.457,1789714.865,1.556E+04,4.861E+00,1.278E+01,4.508E-01,11.55294673,0.001857158,0.0263,1007,0.00001846,0.706814449,1007
12.96,536.919,538.459,1789729.891,1.554E+04,4.859E+00,1.278E+01,4.500E-01,11.55299537,0.00185715,0.0263,1007,0.00001846,0.706814449,1007
12.97,536.923,538.462,1789744.891,1.552E+04,4.857E+00,1.278E+01,4.492E-01,11.55304392,0.001857142,0.0263,1007,0.00001846,0.706814449,1007
12.98,536.928,538.464,1789759.863,1.549E+04,4.856E+00,1.277E+01,4.483E-01,11.55309238,0.001857134,0.0263,1007,0.00001846,0.706814449,1007
12.99,536.932,538.466,1789774.807,1.547E+04,4.854E+00,1.277E+01,4.475E-01,11.55314075,0.001857127,0.0263,1007,0.00001846,0.706814449,1007
13,536.937,538.468,1789789.725,1.545E+04,4.852E+00,1.276E+01,4.467E-01,11.55318904,0.001857119,0.0263,1007,0.00001846,0.706814449,1007
13.01,536.941,538.471,1789804.616,1.543E+04,4.851E+00,1.276E+01,4.459E-01,11.55323723,0.001857111,0.0263,1007,0.00001846,0.706814449,1007
13.02,536.946,538.473,1789819.48,1.540E+04,4.849E+00,1.275E+01,4.451E-01,11.55328534,0.001857104,0.0263,1007,0.00001846,0.706814449,1007
13.03,536.950,538.475,1789834.316,1.538E+04,4.847E+00,1.275E+01,4.443E-01,11.55333336,0.001857096,0.0263,1007,0.00001846,0.706814449,1007
13.04,536.955,538.477,1789849.126,1.536E+04,4.846E+00,1.274E+01,4.435E-01,11.5533813,0.001857088,0.0263,1007,0.00001846,0.706814449,1007
13.05,536.959,538.480,1789863.91,1.534E+04,4.844E+00,1.274E+01,4.427E-01,11.55342914,0.001857081,0.0263,1007,0.00001846,0.706814449,1007
13.06,536.964,538.482,1789878.666,1.532E+04,4.842E+00,1.273E+01,4.419E-01,11.5534769,0.001857073,0.0263,1007,0.00001846,0.706814449,1007
13.07,536.968,538.484,1789893.396,1.529E+04,4.840E+00,1.273E+01,4.411E-01,11.55352458,0.001857065,0.0263,1007,0.00001846,0.706814449,1007
13.08,536.972,538.486,1789908.099,1.527E+04,4.839E+00,1.273E+01,4.403E-01,11.55357216,0.001857058,0.0263,1007,0.00001846,0.706814449,1007
13.09,536.977,538.488,1789922.776,1.525E+04,4.837E+00,1.272E+01,4.395E-01,11.55361967,0.00185705,0.0263,1007,0.00001846,0.706814449,1007
13.1,536.981,538.491,1789937.426,1.523E+04,4.835E+00,1.272E+01,4.387E-01,11.55366708,0.001857043,0.0263,1007,0.00001846,0.706814449,1007
13.11,536.986,538.493,1789952.049,1.520E+04,4.834E+00,1.271E+01,4.379E-01,11.55371441,0.001857035,0.0263,1007,0.00001846,0.706814449,1007
13.12,536.990,538.495,1789966.647,1.518E+04,4.832E+00,1.271E+01,4.371E-01,11.55376165,0.001857027,0.0263,1007,0.00001846,0.706814449,1007
13.13,536.994,538.497,1789981.218,1.516E+04,4.830E+00,1.270E+01,4.363E-01,11.55380881,0.00185702,0.0263,1007,0.00001846,0.706814449,1007
13.14,536.999,538.499,1789995.762,1.514E+04,4.828E+00,1.270E+01,4.356E-01,11.55385588,0.001857012,0.0263,1007,0.00001846,0.706814449,1007
13.15,537.003,538.502,1790010.281,1.512E+04,4.827E+00,1.269E+01,4.348E-01,11.55390287,0.001857005,0.0263,1007,0.00001846,0.706814449,1007
13.16,537.007,538.504,1790024.773,1.509E+04,4.825E+00,1.269E+01,4.340E-01,11.55394977,0.001856997,0.0263,1007,0.00001846,0.706814449,1007
13.17,537.012,538.506,1790039.239,1.507E+04,4.823E+00,1.269E+01,4.332E-01,11.55399658,0.00185699,0.0263,1007,0.00001846,0.706814449,1007
13.18,537.016,538.508,1790053.68,1.505E+04,4.822E+00,1.268E+01,4.324E-01,11.55404332,0.001856982,0.0263,1007,0.00001846,0.706814449,1007
13.19,537.020,538.510,1790068.094,1.503E+04,4.820E+00,1.268E+01,4.316E-01,11.55408996,0.001856975,0.0263,1007,0.00001846,0.706814449,1007
13.2,537.025,538.512,1790082.482,1.501E+04,4.818E+00,1.267E+01,4.309E-01,11.55413653,0.001856968,0.0263,1007,0.00001846,0.706814449,1007
13.21,537.029,538.515,1790096.844,1.499E+04,4.817E+00,1.267E+01,4.301E-01,11.55418301,0.00185696,0.0263,1007,0.00001846,0.706814449,1007
13.22,537.033,538.517,1790111.181,1.496E+04,4.815E+00,1.266E+01,4.293E-01,11.5542294,0.001856953,0.0263,1007,0.00001846,0.706814449,1007
13.23,537.038,538.519,1790125.492,1.494E+04,4.813E+00,1.266E+01,4.286E-01,11.55427571,0.001856945,0.0263,1007,0.00001846,0.706814449,1007
13.24,537.042,538.521,1790139.777,1.492E+04,4.812E+00,1.265E+01,4.278E-01,11.55432194,0.001856938,0.0263,1007,0.00001846,0.706814449,1007
13.25,537.046,538.523,1790154.036,1.490E+04,4.810E+00,1.265E+01,4.270E-01,11.55436809,0.001856931,0.0263,1007,0.00001846,0.706814449,1007
13.26,537.050,538.525,1790168.27,1.488E+04,4.808E+00,1.265E+01,4.262E-01,11.55441415,0.001856923,0.0263,1007,0.00001846,0.706814449,1007
13.27,537.055,538.527,1790182.479,1.486E+04,4.807E+00,1.264E+01,4.255E-01,11.55446012,0.001856916,0.0263,1007,0.00001846,0.706814449,1007
13.28,537.059,538.529,1790196.661,1.484E+04,4.805E+00,1.264E+01,4.247E-01,11.55450602,0.001856908,0.0263,1007,0.00001846,0.706814449,1007
13.29,537.063,538.532,1790210.819,1.481E+04,4.803E+00,1.263E+01,4.240E-01,11.55455183,0.001856901,0.0263,1007,0.00001846,0.706814449,1007
13.3,537.067,538.534,1790224.951,1.479E+04,4.802E+00,1.263E+01,4.232E-01,11.55459756,0.001856894,0.0263,1007,0.00001846,0.706814449,1007
13.31,537.072,538.536,1790239.058,1.477E+04,4.800E+00,1.262E+01,4.224E-01,11.55464321,0.001856887,0.0263,1007,0.00001846,0.706814449,1007
13.32,537.076,538.538,1790253.139,1.475E+04,4.798E+00,1.262E+01,4.217E-01,11.55468878,0.001856879,0.0263,1007,0.00001846,0.706814449,1007
13.33,537.080,538.540,1790267.195,1.473E+04,4.797E+00,1.261E+01,4.209E-01,11.55473426,0.001856872,0.0263,1007,0.00001846,0.706814449,1007
13.34,537.084,538.542,1790281.226,1.471E+04,4.795E+00,1.261E+01,4.202E-01,11.55477966,0.001856865,0.0263,1007,0.00001846,0.706814449,1007
13.35,537.089,538.544,1790295.232,1.469E+04,4.793E+00,1.261E+01,4.194E-01,11.55482498,0.001856858,0.0263,1007,0.00001846,0.706814449,1007
13.36,537.093,538.546,1790309.213,1.467E+04,4.792E+00,1.260E+01,4.187E-01,11.55487022,0.00185685,0.0263,1007,0.00001846,0.706814449,1007
13.37,537.097,538.548,1790323.169,1.464E+04,4.790E+00,1.260E+01,4.179E-01,11.55491538,0.001856843,0.0263,1007,0.00001846,0.706814449,1007
13.38,537.101,538.551,1790337.1,1.462E+04,4.788E+00,1.259E+01,4.172E-01,11.55496046,0.001856836,0.0263,1007,0.00001846,0.706814449,1007
13.39,537.105,538.553,1790351.006,1.460E+04,4.787E+00,1.259E+01,4.164E-01,11.55500545,0.001856829,0.0263,1007,0.00001846,0.706814449,1007
13.4,537.109,538.555,1790364.887,1.458E+04,4.785E+00,1.258E+01,4.157E-01,11.55505037,0.001856821,0.0263,1007,0.00001846,0.706814449,1007
13.41,537.114,538.557,1790378.744,1.456E+04,4.783E+00,1.258E+01,4.150E-01,11.5550952,0.001856814,0.0263,1007,0.00001846,0.706814449,1007
13.42,537.118,538.559,1790392.576,1.454E+04,4.782E+00,1.258E+01,4.142E-01,11.55513996,0.001856807,0.0263,1007,0.00001846,0.706814449,1007
13.43,537.122,538.561,1790406.383,1.452E+04,4.780E+00,1.257E+01,4.135E-01,11.55518463,0.0018568,0.0263,1007,0.00001846,0.706814449,1007
13.44,537.126,538.563,1790420.165,1.450E+04,4.778E+00,1.257E+01,4.127E-01,11.55522923,0.001856793,0.0263,1007,0.00001846,0.706814449,1007
13.45,537.130,538.565,1790433.923,1.448E+04,4.777E+00,1.256E+01,4.120E-01,11.55527374,0.001856786,0.0263,1007,0.00001846,0.706814449,1007
13.46,537.134,538.567,1790447.656,1.446E+04,4.775E+00,1.256E+01,4.113E-01,11.55531818,0.001856779,0.0263,1007,0.00001846,0.706814449,1007
13.47,537.138,538.569,1790461.365,1.444E+04,4.773E+00,1.255E+01,4.105E-01,11.55536253,0.001856772,0.0263,1007,0.00001846,0.706814449,1007
13.48,537.143,538.571,1790475.05,1.442E+04,4.772E+00,1.255E+01,4.098E-01,11.55540681,0.001856765,0.0263,1007,0.00001846,0.706814449,1007
13.49,537.147,538.573,1790488.71,1.439E+04,4.770E+00,1.254E+01,4.091E-01,11.555451,0.001856757,0.0263,1007,0.00001846,0.706814449,1007
13.5,537.151,538.575,1790502.345,1.437E+04,4.768E+00,1.254E+01,4.083E-01,11.55549512,0.00185675,0.0263,1007,0.00001846,0.706814449,1007
13.51,537.155,538.577,1790515.957,1.435E+04,4.767E+00,1.254E+01,4.076E-01,11.55553916,0.001856743,0.0263,1007,0.00001846,0.706814449,1007
13.52,537.159,538.579,1790529.544,1.433E+04,4.765E+00,1.253E+01,4.069E-01,11.55558312,0.001856736,0.0263,1007,0.00001846,0.706814449,1007
13.53,537.163,538.581,1790543.107,1.431E+04,4.763E+00,1.253E+01,4.062E-01,11.555627,0.001856729,0.0263,1007,0.00001846,0.706814449,1007
13.54,537.167,538.583,1790556.646,1.429E+04,4.762E+00,1.252E+01,4.055E-01,11.55567081,0.001856722,0.0263,1007,0.00001846,0.706814449,1007
13.55,537.171,538.586,1790570.162,1.427E+04,4.760E+00,1.252E+01,4.047E-01,11.55571453,0.001856715,0.0263,1007,0.00001846,0.706814449,1007
13.56,537.175,538.588,1790583.653,1.425E+04,4.758E+00,1.251E+01,4.040E-01,11.55575818,0.001856708,0.0263,1007,0.00001846,0.706814449,1007
13.57,537.179,538.590,1790597.12,1.423E+04,4.757E+00,1.251E+01,4.033E-01,11.55580175,0.001856701,0.0263,1007,0.00001846,0.706814449,1007
13.58,537.183,538.592,1790610.563,1.421E+04,4.755E+00,1.251E+01,4.026E-01,11.55584524,0.001856694,0.0263,1007,0.00001846,0.706814449,1007
13.59,537.187,538.594,1790623.982,1.419E+04,4.754E+00,1.250E+01,4.019E-01,11.55588865,0.001856688,0.0263,1007,0.00001846,0.706814449,1007
13.6,537.191,538.596,1790637.378,1.417E+04,4.752E+00,1.250E+01,4.012E-01,11.55593199,0.001856681,0.0263,1007,0.00001846,0.706814449,1007
13.61,537.195,538.598,1790650.749,1.415E+04,4.750E+00,1.249E+01,4.004E-01,11.55597525,0.001856674,0.0263,1007,0.00001846,0.706814449,1007
13.62,537.199,538.600,1790664.097,1.413E+04,4.749E+00,1.249E+01,3.997E-01,11.55601843,0.001856667,0.0263,1007,0.00001846,0.706814449,1007
13.63,537.203,538.602,1790677.422,1.411E+04,4.747E+00,1.248E+01,3.990E-01,11.55606154,0.00185666,0.0263,1007,0.00001846,0.706814449,1007
13.64,537.207,538.604,1790690.723,1.409E+04,4.745E+00,1.248E+01,3.983E-01,11.55610457,0.001856653,0.0263,1007,0.00001846,0.706814449,1007
13.65,537.211,538.606,1790704,1.407E+04,4.744E+00,1.248E+01,3.976E-01,11.55614752,0.001856646,0.0263,1007,0.00001846,0.706814449,1007
13.66,537.215,538.608,1790717.254,1.405E+04,4.742E+00,1.247E+01,3.969E-01,11.5561904,0.001856639,0.0263,1007,0.00001846,0.706814449,1007
13.67,537.219,538.610,1790730.484,1.403E+04,4.740E+00,1.247E+01,3.962E-01,11.5562332,0.001856632,0.0263,1007,0.00001846,0.706814449,1007
13.68,537.223,538.612,1790743.691,1.401E+04,4.739E+00,1.246E+01,3.955E-01,11.55627592,0.001856626,0.0263,1007,0.00001846,0.706814449,1007
13.69,537.227,538.614,1790756.875,1.399E+04,4.737E+00,1.246E+01,3.948E-01,11.55631857,0.001856619,0.0263,1007,0.00001846,0.706814449,1007
13.7,537.231,538.616,1790770.035,1.397E+04,4.736E+00,1.245E+01,3.941E-01,11.55636115,0.001856612,0.0263,1007,0.00001846,0.706814449,1007
13.71,537.235,538.617,1790783.172,1.395E+04,4.734E+00,1.245E+01,3.934E-01,11.55640364,0.001856605,0.0263,1007,0.00001846,0.706814449,1007
13.72,537.239,538.619,1790796.286,1.393E+04,4.732E+00,1.245E+01,3.927E-01,11.55644607,0.001856598,0.0263,1007,0.00001846,0.706814449,1007
13.73,537.243,538.621,1790809.377,1.391E+04,4.731E+00,1.244E+01,3.920E-01,11.55648841,0.001856592,0.0263,1007,0.00001846,0.706814449,1007
13.74,537.247,538.623,1790822.444,1.389E+04,4.729E+00,1.244E+01,3.913E-01,11.55653068,0.001856585,0.0263,1007,0.00001846,0.706814449,1007
13.75,537.251,538.625,1790835.489,1.387E+04,4.727E+00,1.243E+01,3.906E-01,11.55657288,0.001856578,0.0263,1007,0.00001846,0.706814449,1007
13.76,537.255,538.627,1790848.511,1.385E+04,4.726E+00,1.243E+01,3.900E-01,11.556615,0.001856571,0.0263,1007,0.00001846,0.706814449,1007
13.77,537.258,538.629,1790861.509,1.383E+04,4.724E+00,1.242E+01,3.893E-01,11.55665705,0.001856565,0.0263,1007,0.00001846,0.706814449,1007
13.78,537.262,538.631,1790874.485,1.381E+04,4.723E+00,1.242E+01,3.886E-01,11.55669902,0.001856558,0.0263,1007,0.00001846,0.706814449,1007
13.79,537.266,538.633,1790887.438,1.379E+04,4.721E+00,1.242E+01,3.879E-01,11.55674092,0.001856551,0.0263,1007,0.00001846,0.706814449,1007
13.8,537.270,538.635,1790900.368,1.377E+04,4.719E+00,1.241E+01,3.872E-01,11.55678275,0.001856545,0.0263,1007,0.00001846,0.706814449,1007
13.81,537.274,538.637,1790913.275,1.375E+04,4.718E+00,1.241E+01,3.865E-01,11.5568245,0.001856538,0.0263,1007,0.00001846,0.706814449,1007
13.82,537.278,538.639,1790926.16,1.373E+04,4.716E+00,1.240E+01,3.859E-01,11.55686618,0.001856531,0.0263,1007,0.00001846,0.706814449,1007
13.83,537.282,538.641,1790939.022,1.371E+04,4.715E+00,1.240E+01,3.852E-01,11.55690778,0.001856525,0.0263,1007,0.00001846,0.706814449,1007
13.84,537.286,538.643,1790951.861,1.370E+04,4.713E+00,1.240E+01,3.845E-01,11.55694931,0.001856518,0.0263,1007,0.00001846,0.706814449,1007
13.85,537.289,538.645,1790964.678,1.368E+04,4.711E+00,1.239E+01,3.838E-01,11.55699077,0.001856511,0.0263,1007,0.00001846,0.706814449,1007
13.86,537.293,538.647,1790977.472,1.366E+04,4.710E+00,1.239E+01,3.832E-01,11.55703215,0.001856505,0.0263,1007,0.00001846,0.706814449,1007
13.87,537.297,538.649,1790990.244,1.364E+04,4.708E+00,1.238E+01,3.825E-01,11.55707346,0.001856498,0.0263,1007,0.00001846,0.706814449,1007
13.88,537.301,538.650,1791002.993,1.362E+04,4.707E+00,1.238E+01,3.818E-01,11.5571147,0.001856492,0.0263,1007,0.00001846,0.706814449,1007
13.89,537.305,538.652,1791015.72,1.360E+04,4.705E+00,1.237E+01,3.811E-01,11.55715587,0.001856485,0.0263,1007,0.00001846,0.706814449,1007
13.9,537.309,538.654,1791028.425,1.358E+04,4.703E+00,1.237E+01,3.805E-01,11.55719696,0.001856478,0.0263,1007,0.00001846,0.706814449,1007
13.91,537.312,538.656,1791041.107,1.356E+04,4.702E+00,1.237E+01,3.798E-01,11.55723798,0.001856472,0.0263,1007,0.00001846,0.706814449,1007
13.92,537.316,538.658,1791053.767,1.354E+04,4.700E+00,1.236E+01,3.791E-01,11.55727893,0.001856465,0.0263,1007,0.00001846,0.706814449,1007
13.93,537.320,538.660,1791066.405,1.352E+04,4.699E+00,1.236E+01,3.785E-01,11.55731981,0.001856459,0.0263,1007,0.00001846,0.706814449,1007
13.94,537.324,538.662,1791079.021,1.350E+04,4.697E+00,1.235E+01,3.778E-01,11.55736061,0.001856452,0.0263,1007,0.00001846,0.706814449,1007
13.95,537.327,538.664,1791091.615,1.348E+04,4.695E+00,1.235E+01,3.771E-01,11.55740134,0.001856446,0.0263,1007,0.00001846,0.706814449,1007
13.96,537.331,538.666,1791104.186,1.347E+04,4.694E+00,1.234E+01,3.765E-01,11.557442,0.001856439,0.0263,1007,0.00001846,0.706814449,1007
13.97,537.335,538.668,1791116.736,1.345E+04,4.692E+00,1.234E+01,3.758E-01,11.55748259,0.001856433,0.0263,1007,0.00001846,0.706814449,1007
13.98,537.339,538.669,1791129.264,1.343E+04,4.691E+00,1.234E+01,3.752E-01,11.55752311,0.001856426,0.0263,1007,0.00001846,0.706814449,1007
13.99,537.343,538.671,1791141.769,1.341E+04,4.689E+00,1.233E+01,3.745E-01,11.55756356,0.00185642,0.0263,1007,0.00001846,0.706814449,1007
14,537.346,538.673,1791154.253,1.339E+04,4.687E+00,1.233E+01,3.739E-01,11.55760394,0.001856413,0.0263,1007,0.00001846,0.706814449,1007
14.01,537.350,538.675,1791166.715,1.337E+04,4.686E+00,1.232E+01,3.732E-01,11.55764424,0.001856407,0.0263,1007,0.00001846,0.706814449,1007
14.02,537.354,538.677,1791179.156,1.335E+04,4.684E+00,1.232E+01,3.726E-01,11.55768448,0.0018564,0.0263,1007,0.00001846,0.706814449,1007
14.03,537.357,538.679,1791191.574,1.333E+04,4.683E+00,1.232E+01,3.719E-01,11.55772464,0.001856394,0.0263,1007,0.00001846,0.706814449,1007
14.04,537.361,538.681,1791203.971,1.331E+04,4.681E+00,1.231E+01,3.713E-01,11.55776473,0.001856388,0.0263,1007,0.00001846,0.706814449,1007
14.05,537.365,538.682,1791216.346,1.330E+04,4.679E+00,1.231E+01,3.706E-01,11.55780476,0.001856381,0.0263,1007,0.00001846,0.706814449,1007
14.06,537.369,538.684,1791228.7,1.328E+04,4.678E+00,1.230E+01,3.700E-01,11.55784471,0.001856375,0.0263,1007,0.00001846,0.706814449,1007
14.07,537.372,538.686,1791241.032,1.326E+04,4.676E+00,1.230E+01,3.693E-01,11.55788459,0.001856368,0.0263,1007,0.00001846,0.706814449,1007
14.08,537.376,538.688,1791253.343,1.324E+04,4.675E+00,1.229E+01,3.687E-01,11.55792441,0.001856362,0.0263,1007,0.00001846,0.706814449,1007
14.09,537.380,538.690,1791265.632,1.322E+04,4.673E+00,1.229E+01,3.680E-01,11.55796415,0.001856356,0.0263,1007,0.00001846,0.706814449,1007
14.1,537.383,538.692,1791277.9,1.320E+04,4.672E+00,1.229E+01,3.674E-01,11.55800383,0.001856349,0.0263,1007,0.00001846,0.706814449,1007
14.11,537.387,538.694,1791290.146,1.318E+04,4.670E+00,1.228E+01,3.668E-01,11.55804343,0.001856343,0.0263,1007,0.00001846,0.706814449,1007
14.12,537.391,538.695,1791302.371,1.317E+04,4.668E+00,1.228E+01,3.661E-01,11.55808297,0.001856337,0.0263,1007,0.00001846,0.706814449,1007
14.13,537.394,538.697,1791314.575,1.315E+04,4.667E+00,1.227E+01,3.655E-01,11.55812243,0.00185633,0.0263,1007,0.00001846,0.706814449,1007
14.14,537.398,538.699,1791326.758,1.313E+04,4.665E+00,1.227E+01,3.648E-01,11.55816183,0.001856324,0.0263,1007,0.00001846,0.706814449,1007
14.15,537.402,538.701,1791338.919,1.311E+04,4.664E+00,1.227E+01,3.642E-01,11.55820116,0.001856318,0.0263,1007,0.00001846,0.706814449,1007
14.16,537.405,538.703,1791351.059,1.309E+04,4.662E+00,1.226E+01,3.636E-01,11.55824042,0.001856312,0.0263,1007,0.00001846,0.706814449,1007
14.17,537.409,538.704,1791363.178,1.307E+04,4.661E+00,1.226E+01,3.629E-01,11.55827961,0.001856305,0.0263,1007,0.00001846,0.706814449,1007
14.18,537.413,538.706,1791375.276,1.306E+04,4.659E+00,1.225E+01,3.623E-01,11.55831874,0.001856299,0.0263,1007,0.00001846,0.706814449,1007
14.19,537.416,538.708,1791387.354,1.304E+04,4.657E+00,1.225E+01,3.617E-01,11.55835779,0.001856293,0.0263,1007,0.00001846,0.706814449,1007
14.2,537.420,538.710,1791399.41,1.302E+04,4.656E+00,1.224E+01,3.611E-01,11.55839678,0.001856287,0.0263,1007,0.00001846,0.706814449,1007
14.21,537.423,538.712,1791411.445,1.300E+04,4.654E+00,1.224E+01,3.604E-01,11.5584357,0.00185628,0.0263,1007,0.00001846,0.706814449,1007
14.22,537.427,538.714,1791423.459,1.298E+04,4.653E+00,1.224E+01,3.598E-01,11.55847455,0.001856274,0.0263,1007,0.00001846,0.706814449,1007
14.23,537.431,538.715,1791435.453,1.297E+04,4.651E+00,1.223E+01,3.592E-01,11.55851333,0.001856268,0.0263,1007,0.00001846,0.706814449,1007
14.24,537.434,538.717,1791447.425,1.295E+04,4.650E+00,1.223E+01,3.586E-01,11.55855205,0.001856262,0.0263,1007,0.00001846,0.706814449,1007
14.25,537.438,538.719,1791459.377,1.293E+04,4.648E+00,1.222E+01,3.579E-01,11.5585907,0.001856256,0.0263,1007,0.00001846,0.706814449,1007
14.26,537.441,538.721,1791471.308,1.291E+04,4.646E+00,1.222E+01,3.573E-01,11.55862928,0.001856249,0.0263,1007,0.00001846,0.706814449,1007
14.27,537.445,538.722,1791483.219,1.289E+04,4.645E+00,1.222E+01,3.567E-01,11.55866779,0.001856243,0.0263,1007,0.00001846,0.706814449,1007
14.28,537.449,538.724,1791495.109,1.288E+04,4.643E+00,1.221E+01,3.561E-01,11.55870624,0.001856237,0.0263,1007,0.00001846,0.706814449,1007
14.29,537.452,538.726,1791506.978,1.286E+04,4.642E+00,1.221E+01,3.555E-01,11.55874462,0.001856231,0.0263,1007,0.00001846,0.706814449,1007
14.3,537.456,538.728,1791518.827,1.284E+04,4.640E+00,1.220E+01,3.548E-01,11.55878294,0.001856225,0.0263,1007,0.00001846,0.706814449,1007
14.31,537.459,538.730,1791530.655,1.282E+04,4.639E+00,1.220E+01,3.542E-01,11.55882119,0.001856219,0.0263,1007,0.00001846,0.706814449,1007
14.32,537.463,538.731,1791542.463,1.280E+04,4.637E+00,1.220E+01,3.536E-01,11.55885937,0.001856213,0.0263,1007,0.00001846,0.706814449,1007
14.33,537.466,538.733,1791554.251,1.279E+04,4.636E+00,1.219E+01,3.530E-01,11.55889748,0.001856207,0.0263,1007,0.00001846,0.706814449,1007
14.34,537.470,538.735,1791566.018,1.277E+04,4.634E+00,1.219E+01,3.524E-01,11.55893553,0.001856201,0.0263,1007,0.00001846,0.706814449,1007
14.35,537.473,538.737,1791577.764,1.275E+04,4.632E+00,1.218E+01,3.518E-01,11.55897351,0.001856194,0.0263,1007,0.00001846,0.706814449,1007
14.36,537.477,538.738,1791589.491,1.273E+04,4.631E+00,1.218E+01,3.512E-01,11.55901143,0.001856188,0.0263,1007,0.00001846,0.706814449,1007
14.37,537.480,538.740,1791601.197,1.271E+04,4.629E+00,1.218E+01,3.506E-01,11.55904928,0.001856182,0.0263,1007,0.00001846,0.706814449,1007
14.38,537.484,538.742,1791612.883,1.270E+04,4.628E+00,1.217E+01,3.500E-01,11.55908707,0.001856176,0.0263,1007,0.00001846,0.706814449,1007
14.39,537.487,538.744,1791624.549,1.268E+04,4.626E+00,1.217E+01,3.494E-01,11.55912479,0.00185617,0.0263,1007,0.00001846,0.706814449,1007
14.4,537.491,538.745,1791636.195,1.266E+04,4.625E+00,1.216E+01,3.488E-01,11.55916244,0.001856164,0.0263,1007,0.00001846,0.706814449,1007
14.41,537.494,538.747,1791647.821,1.264E+04,4.623E+00,1.216E+01,3.482E-01,11.55920003,0.001856158,0.0263,1007,0.00001846,0.706814449,1007
14.42,537.498,538.749,1791659.426,1.263E+04,4.622E+00,1.216E+01,3.476E-01,11.55923756,0.001856152,0.0263,1007,0.00001846,0.706814449,1007
14.43,537.501,538.751,1791671.012,1.261E+04,4.620E+00,1.215E+01,3.470E-01,11.55927502,0.001856146,0.0263,1007,0.00001846,0.706814449,1007
14.44,537.505,538.752,1791682.578,1.259E+04,4.619E+00,1.215E+01,3.464E-01,11.55931242,0.00185614,0.0263,1007,0.00001846,0.706814449,1007
14.45,537.508,538.754,1791694.124,1.257E+04,4.617E+00,1.214E+01,3.458E-01,11.55934975,0.001856134,0.0263,1007,0.00001846,0.706814449,1007
14.46,537.512,538.756,1791705.649,1.256E+04,4.616E+00,1.214E+01,3.452E-01,11.55938701,0.001856128,0.0263,1007,0.00001846,0.706814449,1007
14.47,537.515,538.758,1791717.156,1.254E+04,4.614E+00,1.213E+01,3.446E-01,11.55942422,0.001856122,0.0263,1007,0.00001846,0.706814449,1007
14.48,537.519,538.759,1791728.642,1.252E+04,4.612E+00,1.213E+01,3.440E-01,11.55946135,0.001856116,0.0263,1007,0.00001846,0.706814449,1007
14.49,537.522,538.761,1791740.109,1.251E+04,4.611E+00,1.213E+01,3.434E-01,11.55949843,0.001856111,0.0263,1007,0.00001846,0.706814449,1007
14.5,537.525,538.763,1791751.556,1.249E+04,4.609E+00,1.212E+01,3.428E-01,11.55953544,0.001856105,0.0263,1007,0.00001846,0.706814449,1007
14.51,537.529,538.764,1791762.983,1.247E+04,4.608E+00,1.212E+01,3.422E-01,11.55957238,0.001856099,0.0263,1007,0.00001846,0.706814449,1007
14.52,537.532,538.766,1791774.39,1.245E+04,4.606E+00,1.211E+01,3.416E-01,11.55960927,0.001856093,0.0263,1007,0.00001846,0.706814449,1007
14.53,537.536,538.768,1791785.778,1.244E+04,4.605E+00,1.211E+01,3.411E-01,11.55964608,0.001856087,0.0263,1007,0.00001846,0.706814449,1007
14.54,537.539,538.770,1791797.147,1.242E+04,4.603E+00,1.211E+01,3.405E-01,11.55968284,0.001856081,0.0263,1007,0.00001846,0.706814449,1007
14.55,537.543,538.771,1791808.496,1.240E+04,4.602E+00,1.210E+01,3.399E-01,11.55971953,0.001856075,0.0263,1007,0.00001846,0.706814449,1007
14.56,537.546,538.773,1791819.825,1.238E+04,4.600E+00,1.210E+01,3.393E-01,11.55975616,0.001856069,0.0263,1007,0.00001846,0.706814449,1007
14.57,537.549,538.775,1791831.136,1.237E+04,4.599E+00,1.209E+01,3.387E-01,11.55979273,0.001856063,0.0263,1007,0.00001846,0.706814449,1007
14.58,537.553,538.776,1791842.426,1.235E+04,4.597E+00,1.209E+01,3.381E-01,11.55982923,0.001856058,0.0263,1007,0.00001846,0.706814449,1007
14.59,537.556,538.778,1791853.698,1.233E+04,4.596E+00,1.209E+01,3.376E-01,11.55986567,0.001856052,0.0263,1007,0.00001846,0.706814449,1007
14.6,537.559,538.780,1791864.95,1.232E+04,4.594E+00,1.208E+01,3.370E-01,11.55990205,0.001856046,0.0263,1007,0.00001846,0.706814449,1007
14.61,537.563,538.781,1791876.183,1.230E+04,4.593E+00,1.208E+01,3.364E-01,11.55993836,0.00185604,0.0263,1007,0.00001846,0.706814449,1007
14.62,537.566,538.783,1791887.396,1.228E+04,4.591E+00,1.207E+01,3.358E-01,11.55997462,0.001856034,0.0263,1007,0.00001846,0.706814449,1007
14.63,537.570,538.785,1791898.591,1.227E+04,4.590E+00,1.207E+01,3.353E-01,11.56001081,0.001856029,0.0263,1007,0.00001846,0.706814449,1007
14.64,537.573,538.786,1791909.766,1.225E+04,4.588E+00,1.207E+01,3.347E-01,11.56004694,0.001856023,0.0263,1007,0.00001846,0.706814449,1007
14.65,537.576,538.788,1791920.922,1.223E+04,4.587E+00,1.206E+01,3.341E-01,11.560083,0.001856017,0.0263,1007,0.00001846,0.706814449,1007
14.66,537.580,538.790,1791932.059,1.222E+04,4.585E+00,1.206E+01,3.335E-01,11.56011901,0.001856011,0.0263,1007,0.00001846,0.706814449,1007
14.67,537.583,538.791,1791943.178,1.220E+04,4.584E+00,1.205E+01,3.330E-01,11.56015495,0.001856006,0.0263,1007,0.00001846,0.706814449,1007
14.68,537.586,538.793,1791954.277,1.218E+04,4.582E+00,1.205E+01,3.324E-01,11.56019083,0.001856,0.0263,1007,0.00001846,0.706814449,1007
14.69,537.590,538.795,1791965.357,1.216E+04,4.580E+00,1.205E+01,3.318E-01,11.56022665,0.001855994,0.0263,1007,0.00001846,0.706814449,1007
14.7,537.593,538.796,1791976.418,1.215E+04,4.579E+00,1.204E+01,3.313E-01,11.56026241,0.001855988,0.0263,1007,0.00001846,0.706814449,1007
14.71,537.596,538.798,1791987.46,1.213E+04,4.577E+00,1.204E+01,3.307E-01,11.56029811,0.001855983,0.0263,1007,0.00001846,0.706814449,1007
14.72,537.600,538.800,1791998.484,1.211E+04,4.576E+00,1.203E+01,3.301E-01,11.56033374,0.001855977,0.0263,1007,0.00001846,0.706814449,1007
14.73,537.603,538.801,1792009.489,1.210E+04,4.574E+00,1.203E+01,3.296E-01,11.56036932,0.001855971,0.0263,1007,0.00001846,0.706814449,1007
14.74,537.606,538.803,1792020.475,1.208E+04,4.573E+00,1.203E+01,3.290E-01,11.56040483,0.001855966,0.0263,1007,0.00001846,0.706814449,1007
14.75,537.609,538.805,1792031.442,1.207E+04,4.571E+00,1.202E+01,3.285E-01,11.56044029,0.00185596,0.0263,1007,0.00001846,0.706814449,1007
14.76,537.613,538.806,1792042.391,1.205E+04,4.570E+00,1.202E+01,3.279E-01,11.56047568,0.001855954,0.0263,1007,0.00001846,0.706814449,1007
14.77,537.616,538.808,1792053.321,1.203E+04,4.568E+00,1.202E+01,3.273E-01,11.56051101,0.001855949,0.0263,1007,0.00001846,0.706814449,1007
14.78,537.619,538.810,1792064.232,1.202E+04,4.567E+00,1.201E+01,3.268E-01,11.56054629,0.001855943,0.0263,1007,0.00001846,0.706814449,1007
14.79,537.623,538.811,1792075.125,1.200E+04,4.565E+00,1.201E+01,3.262E-01,11.5605815,0.001855937,0.0263,1007,0.00001846,0.706814449,1007
14.8,537.626,538.813,1792085.999,1.198E+04,4.564E+00,1.200E+01,3.257E-01,11.56061665,0.001855932,0.0263,1007,0.00001846,0.706814449,1007
14.81,537.629,538.815,1792096.855,1.197E+04,4.562E+00,1.200E+01,3.251E-01,11.56065174,0.001855926,0.0263,1007,0.00001846,0.706814449,1007
14.82,537.632,538.816,1792107.692,1.195E+04,4.561E+00,1.200E+01,3.246E-01,11.56068678,0.001855921,0.0263,1007,0.00001846,0.706814449,1007
14.83,537.636,538.818,1792118.511,1.193E+04,4.559E+00,1.199E+01,3.240E-01,11.56072175,0.001855915,0.0263,1007,0.00001846,0.706814449,1007
14.84,537.639,538.819,1792129.312,1.192E+04,4.558E+00,1.199E+01,3.235E-01,11.56075666,0.001855909,0.0263,1007,0.00001846,0.706814449,1007
14.85,537.642,538.821,1792140.094,1.190E+04,4.556E+00,1.198E+01,3.229E-01,11.56079151,0.001855904,0.0263,1007,0.00001846,0.706814449,1007
14.86,537.645,538.823,1792150.858,1.188E+04,4.555E+00,1.198E+01,3.224E-01,11.56082631,0.001855898,0.0263,1007,0.00001846,0.706814449,1007
14.87,537.648,538.824,1792161.604,1.187E+04,4.553E+00,1.198E+01,3.218E-01,11.56086104,0.001855893,0.0263,1007,0.00001846,0.706814449,1007
14.88,537.652,538.826,1792172.331,1.185E+04,4.552E+00,1.197E+01,3.213E-01,11.56089572,0.001855887,0.0263,1007,0.00001846,0.706814449,1007
14.89,537.655,538.827,1792183.04,1.184E+04,4.550E+00,1.197E+01,3.207E-01,11.56093033,0.001855882,0.0263,1007,0.00001846,0.706814449,1007
14.9,537.658,538.829,1792193.732,1.182E+04,4.549E+00,1.196E+01,3.202E-01,11.56096489,0.001855876,0.0263,1007,0.00001846,0.706814449,1007
14.91,537.661,538.831,1792204.405,1.180E+04,4.548E+00,1.196E+01,3.196E-01,11.56099939,0.001855871,0.0263,1007,0.00001846,0.706814449,1007
14.92,537.665,538.832,1792215.059,1.179E+04,4.546E+00,1.196E+01,3.191E-01,11.56103383,0.001855865,0.0263,1007,0.00001846,0.706814449,1007
14.93,537.668,538.834,1792225.696,1.177E+04,4.545E+00,1.195E+01,3.186E-01,11.56106821,0.00185586,0.0263,1007,0.00001846,0.706814449,1007
14.94,537.671,538.835,1792236.315,1.176E+04,4.543E+00,1.195E+01,3.180E-01,11.56110254,0.001855854,0.0263,1007,0.00001846,0.706814449,1007
14.95,537.674,538.837,1792246.916,1.174E+04,4.542E+00,1.194E+01,3.175E-01,11.5611368,0.001855849,0.0263,1007,0.00001846,0.706814449,1007
14.96,537.677,538.839,1792257.499,1.172E+04,4.540E+00,1.194E+01,3.170E-01,11.56117101,0.001855843,0.0263,1007,0.00001846,0.706814449,1007
14.97,537.680,538.840,1792268.064,1.171E+04,4.539E+00,1.194E+01,3.164E-01,11.56120516,0.001855838,0.0263,1007,0.00001846,0.706814449,1007
14.98,537.684,538.842,1792278.611,1.169E+04,4.537E+00,1.193E+01,3.159E-01,11.56123925,0.001855832,0.0263,1007,0.00001846,0.706814449,1007
14.99,537.687,538.843,1792289.141,1.168E+04,4.536E+00,1.193E+01,3.153E-01,11.56127328,0.001855827,0.0263,1007,0.00001846,0.706814449,1007
15,537.690,538.845,1792299.652,1.166E+04,4.534E+00,1.192E+01,3.148E-01,11.56130726,0.001855821,0.0263,1007,0.00001846,0.706814449,1007
15.01,537.693,538.847,1792310.146,1.164E+04,4.533E+00,1.192E+01,3.143E-01,11.56134118,0.001855816,0.0263,1007,0.00001846,0.706814449,1007
15.02,537.696,538.848,1792320.622,1.163E+04,4.531E+00,1.192E+01,3.138E-01,11.56137504,0.001855811,0.0263,1007,0.00001846,0.706814449,1007
15.03,537.699,538.850,1792331.081,1.161E+04,4.530E+00,1.191E+01,3.132E-01,11.56140884,0.001855805,0.0263,1007,0.00001846,0.706814449,1007
15.04,537.702,538.851,1792341.522,1.160E+04,4.528E+00,1.191E+01,3.127E-01,11.56144259,0.0018558,0.0263,1007,0.00001846,0.706814449,1007
15.05,537.706,538.853,1792351.945,1.158E+04,4.527E+00,1.191E+01,3.122E-01,11.56147628,0.001855794,0.0263,1007,0.00001846,0.706814449,1007
15.06,537.709,538.854,1792362.351,1.157E+04,4.525E+00,1.190E+01,3.116E-01,11.56150991,0.001855789,0.0263,1007,0.00001846,0.706814449,1007
15.07,537.712,538.856,1792372.739,1.155E+04,4.524E+00,1.190E+01,3.111E-01,11.56154348,0.001855784,0.0263,1007,0.00001846,0.706814449,1007
15.08,537.715,538.857,1792383.109,1.153E+04,4.522E+00,1.189E+01,3.106E-01,11.561577,0.001855778,0.0263,1007,0.00001846,0.706814449,1007
15.09,537.718,538.859,1792393.462,1.152E+04,4.521E+00,1.189E+01,3.101E-01,11.56161046,0.001855773,0.0263,1007,0.00001846,0.706814449,1007
15.1,537.721,538.861,1792403.798,1.150E+04,4.519E+00,1.189E+01,3.095E-01,11.56164387,0.001855768,0.0263,1007,0.00001846,0.706814449,1007
15.11,537.724,538.862,1792414.117,1.149E+04,4.518E+00,1.188E+01,3.090E-01,11.56167722,0.001855762,0.0263,1007,0.00001846,0.706814449,1007
15.12,537.727,538.864,1792424.417,1.147E+04,4.517E+00,1.188E+01,3.085E-01,11.56171051,0.001855757,0.0263,1007,0.00001846,0.706814449,1007
15.13,537.730,538.865,1792434.701,1.146E+04,4.515E+00,1.187E+01,3.080E-01,11.56174374,0.001855752,0.0263,1007,0.00001846,0.706814449,1007
15.14,537.733,538.867,1792444.967,1.144E+04,4.514E+00,1.187E+01,3.075E-01,11.56177692,0.001855746,0.0263,1007,0.00001846,0.706814449,1007
15.15,537.737,538.868,1792455.217,1.142E+04,4.512E+00,1.187E+01,3.070E-01,11.56181005,0.001855741,0.0263,1007,0.00001846,0.706814449,1007
15.16,537.740,538.870,1792465.448,1.141E+04,4.511E+00,1.186E+01,3.064E-01,11.56184312,0.001855736,0.0263,1007,0.00001846,0.706814449,1007
15.17,537.743,538.871,1792475.663,1.139E+04,4.509E+00,1.186E+01,3.059E-01,11.56187613,0.001855731,0.0263,1007,0.00001846,0.706814449,1007
15.18,537.746,538.873,1792485.861,1.138E+04,4.508E+00,1.186E+01,3.054E-01,11.56190909,0.001855725,0.0263,1007,0.00001846,0.706814449,1007
15.19,537.749,538.874,1792496.041,1.136E+04,4.506E+00,1.185E+01,3.049E-01,11.56194199,0.00185572,0.0263,1007,0.00001846,0.706814449,1007
15.2,537.752,538.876,1792506.204,1.135E+04,4.505E+00,1.185E+01,3.044E-01,11.56197483,0.001855715,0.0263,1007,0.00001846,0.706814449,1007
15.21,537.755,538.877,1792516.351,1.133E+04,4.503E+00,1.184E+01,3.039E-01,11.56200763,0.001855709,0.0263,1007,0.00001846,0.706814449,1007
15.22,537.758,538.879,1792526.48,1.132E+04,4.502E+00,1.184E+01,3.034E-01,11.56204036,0.001855704,0.0263,1007,0.00001846,0.706814449,1007
15.23,537.761,538.880,1792536.592,1.130E+04,4.500E+00,1.184E+01,3.029E-01,11.56207304,0.001855699,0.0263,1007,0.00001846,0.706814449,1007
15.24,537.764,538.882,1792546.688,1.129E+04,4.499E+00,1.183E+01,3.024E-01,11.56210567,0.001855694,0.0263,1007,0.00001846,0.706814449,1007
15.25,537.767,538.884,1792556.766,1.127E+04,4.498E+00,1.183E+01,3.018E-01,11.56213824,0.001855689,0.0263,1007,0.00001846,0.706814449,1007
15.26,537.770,538.885,1792566.828,1.126E+04,4.496E+00,1.182E+01,3.013E-01,11.56217075,0.001855683,0.0263,1007,0.00001846,0.706814449,1007
15.27,537.773,538.887,1792576.872,1.124E+04,4.495E+00,1.182E+01,3.008E-01,11.56220322,0.001855678,0.0263,1007,0.00001846,0.706814449,1007
15.28,537.776,538.888,1792586.9,1.123E+04,4.493E+00,1.182E+01,3.003E-01,11.56223562,0.001855673,0.0263,1007,0.00001846,0.706814449,1007
15.29,537.779,538.890,1792596.912,1.121E+04,4.492E+00,1.181E+01,2.998E-01,11.56226798,0.001855668,0.0263,1007,0.00001846,0.706814449,1007
15.3,537.782,538.891,1792606.906,1.120E+04,4.490E+00,1.181E+01,2.993E-01,11.56230027,0.001855663,0.0263,1007,0.00001846,0.706814449,1007
15.31,537.785,538.893,1792616.884,1.118E+04,4.489E+00,1.181E+01,2.988E-01,11.56233252,0.001855658,0.0263,1007,0.00001846,0.706814449,1007
15.32,537.788,538.894,1792626.845,1.117E+04,4.487E+00,1.180E+01,2.983E-01,11.56236471,0.001855652,0.0263,1007,0.00001846,0.706814449,1007
15.33,537.791,538.896,1792636.789,1.115E+04,4.486E+00,1.180E+01,2.978E-01,11.56239684,0.001855647,0.0263,1007,0.00001846,0.706814449,1007
15.34,537.794,538.897,1792646.717,1.114E+04,4.485E+00,1.179E+01,2.973E-01,11.56242893,0.001855642,0.0263,1007,0.00001846,0.706814449,1007
15.35,537.797,538.898,1792656.628,1.112E+04,4.483E+00,1.179E+01,2.968E-01,11.56246096,0.001855637,0.0263,1007,0.00001846,0.706814449,1007
15.36,537.800,538.900,1792666.523,1.111E+04,4.482E+00,1.179E+01,2.963E-01,11.56249293,0.001855632,0.0263,1007,0.00001846,0.706814449,1007
15.37,537.803,538.901,1792676.401,1.109E+04,4.480E+00,1.178E+01,2.959E-01,11.56252485,0.001855627,0.0263,1007,0.00001846,0.706814449,1007
15.38,537.806,538.903,1792686.263,1.108E+04,4.479E+00,1.178E+01,2.954E-01,11.56255672,0.001855622,0.0263,1007,0.00001846,0.706814449,1007
15.39,537.809,538.904,1792696.108,1.106E+04,4.477E+00,1.178E+01,2.949E-01,11.56258853,0.001855617,0.0263,1007,0.00001846,0.706814449,1007
15.4,537.812,538.906,1792705.937,1.105E+04,4.476E+00,1.177E+01,2.944E-01,11.5626203,0.001855612,0.0263,1007,0.00001846,0.706814449,1007
15.41,537.815,538.907,1792715.749,1.103E+04,4.474E+00,1.177E+01,2.939E-01,11.562652,0.001855606,0.0263,1007,0.00001846,0.706814449,1007
15.42,537.818,538.909,1792725.545,1.102E+04,4.473E+00,1.176E+01,2.934E-01,11.56268366,0.001855601,0.0263,1007,0.00001846,0.706814449,1007
15.43,537.821,538.910,1792735.325,1.100E+04,4.472E+00,1.176E+01,2.929E-01,11.56271526,0.001855596,0.0263,1007,0.00001846,0.706814449,1007
15.44,537.824,538.912,1792745.088,1.099E+04,4.470E+00,1.176E+01,2.924E-01,11.56274681,0.001855591,0.0263,1007,0.00001846,0.706814449,1007
15.45,537.826,538.913,1792754.836,1.097E+04,4.469E+00,1.175E+01,2.919E-01,11.56277831,0.001855586,0.0263,1007,0.00001846,0.706814449,1007
15.46,537.829,538.915,1792764.567,1.096E+04,4.467E+00,1.175E+01,2.914E-01,11.56280975,0.001855581,0.0263,1007,0.00001846,0.706814449,1007
15.47,537.832,538.916,1792774.282,1.094E+04,4.466E+00,1.175E+01,2.910E-01,11.56284115,0.001855576,0.0263,1007,0.00001846,0.706814449,1007
15.48,537.835,538.918,1792783.98,1.093E+04,4.464E+00,1.174E+01,2.905E-01,11.56287249,0.001855571,0.0263,1007,0.00001846,0.706814449,1007
15.49,537.838,538.919,1792793.663,1.091E+04,4.463E+00,1.174E+01,2.900E-01,11.56290377,0.001855566,0.0263,1007,0.00001846,0.706814449,1007
15.5,537.841,538.920,1792803.33,1.090E+04,4.462E+00,1.173E+01,2.895E-01,11.56293501,0.001855561,0.0263,1007,0.00001846,0.706814449,1007
15.51,537.844,538.922,1792812.98,1.088E+04,4.460E+00,1.173E+01,2.890E-01,11.56296619,0.001855556,0.0263,1007,0.00001846,0.706814449,1007
15.52,537.847,538.923,1792822.615,1.087E+04,4.459E+00,1.173E+01,2.886E-01,11.56299732,0.001855551,0.0263,1007,0.00001846,0.706814449,1007
15.53,537.850,538.925,1792832.233,1.086E+04,4.457E+00,1.172E+01,2.881E-01,11.5630284,0.001855546,0.0263,1007,0.00001846,0.706814449,1007
15.54,537.853,538.926,1792841.836,1.084E+04,4.456E+00,1.172E+01,2.876E-01,11.56305943,0.001855541,0.0263,1007,0.00001846,0.706814449,1007
15.55,537.855,538.928,1792851.422,1.083E+04,4.454E+00,1.172E+01,2.871E-01,11.56309041,0.001855536,0.0263,1007,0.00001846,0.706814449,1007
15.56,537.858,538.929,1792860.993,1.081E+04,4.453E+00,1.171E+01,2.866E-01,11.56312133,0.001855531,0.0263,1007,0.00001846,0.706814449,1007
15.57,537.861,538.931,1792870.548,1.080E+04,4.452E+00,1.171E+01,2.862E-01,11.5631522,0.001855527,0.0263,1007,0.00001846,0.706814449,1007
15.58,537.864,538.932,1792880.087,1.078E+04,4.450E+00,1.170E+01,2.857E-01,11.56318303,0.001855522,0.0263,1007,0.00001846,0.706814449,1007
15.59,537.867,538.933,1792889.61,1.077E+04,4.449E+00,1.170E+01,2.852E-01,11.5632138,0.001855517,0.0263,1007,0.00001846,0.706814449,1007
15.6,537.870,538.935,1792899.117,1.075E+04,4.447E+00,1.170E+01,2.848E-01,11.56324452,0.001855512,0.0263,1007,0.00001846,0.706814449,1007
15.61,537.873,538.936,1792908.609,1.074E+04,4.446E+00,1.169E+01,2.843E-01,11.56327519,0.001855507,0.0263,1007,0.00001846,0.706814449,1007
15.62,537.875,538.938,1792918.085,1.073E+04,4.445E+00,1.169E+01,2.838E-01,11.5633058,0.001855502,0.0263,1007,0.00001846,0.706814449,1007
15.63,537.878,538.939,1792927.545,1.071E+04,4.443E+00,1.169E+01,2.833E-01,11.56333637,0.001855497,0.0263,1007,0.00001846,0.706814449,1007
15.64,537.881,538.941,1792936.99,1.070E+04,4.442E+00,1.168E+01,2.829E-01,11.56336689,0.001855492,0.0263,1007,0.00001846,0.706814449,1007
15.65,537.884,538.942,1792946.419,1.068E+04,4.440E+00,1.168E+01,2.824E-01,11.56339735,0.001855487,0.0263,1007,0.00001846,0.706814449,1007
15.66,537.887,538.943,1792955.833,1.067E+04,4.439E+00,1.167E+01,2.819E-01,11.56342777,0.001855482,0.0263,1007,0.00001846,0.706814449,1007
15.67,537.890,538.945,1792965.231,1.065E+04,4.438E+00,1.167E+01,2.815E-01,11.56345813,0.001855478,0.0263,1007,0.00001846,0.706814449,1007
15.68,537.892,538.946,1792974.613,1.064E+04,4.436E+00,1.167E+01,2.810E-01,11.56348845,0.001855473,0.0263,1007,0.00001846,0.706814449,1007
15.69,537.895,538.948,1792983.98,1.063E+04,4.435E+00,1.166E+01,2.805E-01,11.56351871,0.001855468,0.0263,1007,0.00001846,0.706814449,1007
15.7,537.898,538.949,1792993.331,1.061E+04,4.433E+00,1.166E+01,2.801E-01,11.56354892,0.001855463,0.0263,1007,0.00001846,0.706814449,1007
15.71,537.901,538.950,1793002.667,1.060E+04,4.432E+00,1.166E+01,2.796E-01,11.56357909,0.001855458,0.0263,1007,0.00001846,0.706814449,1007
15.72,537.904,538.952,1793011.988,1.058E+04,4.430E+00,1.165E+01,2.792E-01,11.5636092,0.001855453,0.0263,1007,0.00001846,0.706814449,1007
15.73,537.906,538.953,1793021.293,1.057E+04,4.429E+00,1.165E+01,2.787E-01,11.56363927,0.001855449,0.0263,1007,0.00001846,0.706814449,1007
15.74,537.909,538.955,1793030.583,1.056E+04,4.428E+00,1.164E+01,2.782E-01,11.56366928,0.001855444,0.0263,1007,0.00001846,0.706814449,1007
15.75,537.912,538.956,1793039.858,1.054E+04,4.426E+00,1.164E+01,2.778E-01,11.56369925,0.001855439,0.0263,1007,0.00001846,0.706814449,1007
15.76,537.915,538.957,1793049.117,1.053E+04,4.425E+00,1.164E+01,2.773E-01,11.56372916,0.001855434,0.0263,1007,0.00001846,0.706814449,1007
15.77,537.918,538.959,1793058.361,1.051E+04,4.423E+00,1.163E+01,2.769E-01,11.56375903,0.00185543,0.0263,1007,0.00001846,0.706814449,1007
15.78,537.920,538.960,1793067.59,1.050E+04,4.422E+00,1.163E+01,2.764E-01,11.56378885,0.001855425,0.0263,1007,0.00001846,0.706814449,1007
15.79,537.923,538.962,1793076.804,1.049E+04,4.421E+00,1.163E+01,2.760E-01,11.56381861,0.00185542,0.0263,1007,0.00001846,0.706814449,1007
15.8,537.926,538.963,1793086.003,1.047E+04,4.419E+00,1.162E+01,2.755E-01,11.56384833,0.001855415,0.0263,1007,0.00001846,0.706814449,1007
15.81,537.929,538.964,1793095.186,1.046E+04,4.418E+00,1.162E+01,2.751E-01,11.563878,0.001855411,0.0263,1007,0.00001846,0.706814449,1007
15.82,537.931,538.966,1793104.354,1.044E+04,4.416E+00,1.162E+01,2.746E-01,11.56390762,0.001855406,0.0263,1007,0.00001846,0.706814449,1007
15.83,537.934,538.967,1793113.508,1.043E+04,4.415E+00,1.161E+01,2.741E-01,11.56393719,0.001855401,0.0263,1007,0.00001846,0.706814449,1007
15.84,537.937,538.968,1793122.646,1.042E+04,4.414E+00,1.161E+01,2.737E-01,11.56396672,0.001855396,0.0263,1007,0.00001846,0.706814449,1007
15.85,537.940,538.970,1793131.769,1.040E+04,4.412E+00,1.160E+01,2.732E-01,11.56399619,0.001855392,0.0263,1007,0.00001846,0.706814449,1007
15.86,537.942,538.971,1793140.877,1.039E+04,4.411E+00,1.160E+01,2.728E-01,11.56402562,0.001855387,0.0263,1007,0.00001846,0.706814449,1007
15.87,537.945,538.972,1793149.971,1.037E+04,4.410E+00,1.160E+01,2.724E-01,11.56405499,0.001855382,0.0263,1007,0.00001846,0.706814449,1007
15.88,537.948,538.974,1793159.049,1.036E+04,4.408E+00,1.159E+01,2.719E-01,11.56408432,0.001855378,0.0263,1007,0.00001846,0.706814449,1007
15.89,537.950,538.975,1793168.113,1.035E+04,4.407E+00,1.159E+01,2.715E-01,11.5641136,0.001855373,0.0263,1007,0.00001846,0.706814449,1007
15.9,537.953,538.977,1793177.161,1.033E+04,4.405E+00,1.159E+01,2.710E-01,11.56414284,0.001855368,0.0263,1007,0.00001846,0.706814449,1007
15.91,537.956,538.978,1793186.195,1.032E+04,4.404E+00,1.158E+01,2.706E-01,11.56417202,0.001855364,0.0263,1007,0.00001846,0.706814449,1007
15.92,537.959,538.979,1793195.214,1.031E+04,4.403E+00,1.158E+01,2.701E-01,11.56420116,0.001855359,0.0263,1007,0.00001846,0.706814449,1007
15.93,537.961,538.981,1793204.218,1.029E+04,4.401E+00,1.158E+01,2.697E-01,11.56423025,0.001855354,0.0263,1007,0.00001846,0.706814449,1007
15.94,537.964,538.982,1793213.208,1.028E+04,4.400E+00,1.157E+01,2.692E-01,11.56425929,0.00185535,0.0263,1007,0.00001846,0.706814449,1007
15.95,537.967,538.983,1793222.183,1.027E+04,4.398E+00,1.157E+01,2.688E-01,11.56428828,0.001855345,0.0263,1007,0.00001846,0.706814449,1007
15.96,537.969,538.985,1793231.143,1.025E+04,4.397E+00,1.156E+01,2.684E-01,11.56431723,0.00185534,0.0263,1007,0.00001846,0.706814449,1007
15.97,537.972,538.986,1793240.088,1.024E+04,4.396E+00,1.156E+01,2.679E-01,11.56434613,0.001855336,0.0263,1007,0.00001846,0.706814449,1007
15.98,537.975,538.987,1793249.019,1.023E+04,4.394E+00,1.156E+01,2.675E-01,11.56437498,0.001855331,0.0263,1007,0.00001846,0.706814449,1007
15.99,537.977,538.989,1793257.935,1.021E+04,4.393E+00,1.155E+01,2.670E-01,11.56440378,0.001855326,0.0263,1007,0.00001846,0.706814449,1007
16,537.980,538.990,1793266.837,1.020E+04,4.392E+00,1.155E+01,2.666E-01,11.56443254,0.001855322,0.0263,1007,0.00001846,0.706814449,1007
16.01,537.983,538.991,1793275.724,1.018E+04,4.390E+00,1.155E+01,2.662E-01,11.56446125,0.001855317,0.0263,1007,0.00001846,0.706814449,1007
16.02,537.985,538.993,1793284.597,1.017E+04,4.389E+00,1.154E+01,2.657E-01,11.56448991,0.001855313,0.0263,1007,0.00001846,0.706814449,1007
16.03,537.988,538.994,1793293.455,1.016E+04,4.387E+00,1.154E+01,2.653E-01,11.56451852,0.001855308,0.0263,1007,0.00001846,0.706814449,1007
16.04,537.991,538.995,1793302.299,1.014E+04,4.386E+00,1.154E+01,2.649E-01,11.56454709,0.001855304,0.0263,1007,0.00001846,0.706814449,1007
16.05,537.993,538.997,1793311.128,1.013E+04,4.385E+00,1.153E+01,2.644E-01,11.56457561,0.001855299,0.0263,1007,0.00001846,0.706814449,1007
16.06,537.996,538.998,1793319.943,1.012E+04,4.383E+00,1.153E+01,2.640E-01,11.56460409,0.001855294,0.0263,1007,0.00001846,0.706814449,1007
16.07,537.999,538.999,1793328.743,1.010E+04,4.382E+00,1.152E+01,2.636E-01,11.56463252,0.00185529,0.0263,1007,0.00001846,0.706814449,1007
16.08,538.001,539.001,1793337.529,1.009E+04,4.381E+00,1.152E+01,2.632E-01,11.5646609,0.001855285,0.0263,1007,0.00001846,0.706814449,1007
16.09,538.004,539.002,1793346.301,1.008E+04,4.379E+00,1.152E+01,2.627E-01,11.56468924,0.001855281,0.0263,1007,0.00001846,0.706814449,1007
16.1,538.007,539.003,1793355.058,1.006E+04,4.378E+00,1.151E+01,2.623E-01,11.56471752,0.001855276,0.0263,1007,0.00001846,0.706814449,1007
16.11,538.009,539.005,1793363.802,1.005E+04,4.376E+00,1.151E+01,2.619E-01,11.56474577,0.001855272,0.0263,1007,0.00001846,0.706814449,1007
16.12,538.012,539.006,1793372.531,1.004E+04,4.375E+00,1.151E+01,2.614E-01,11.56477397,0.001855267,0.0263,1007,0.00001846,0.706814449,1007
16.13,538.014,539.007,1793381.246,1.003E+04,4.374E+00,1.150E+01,2.610E-01,11.56480212,0.001855263,0.0263,1007,0.00001846,0.706814449,1007
16.14,538.017,539.008,1793389.946,1.001E+04,4.372E+00,1.150E+01,2.606E-01,11.56483022,0.001855258,0.0263,1007,0.00001846,0.706814449,1007
16.15,538.020,539.010,1793398.633,9.999E+03,4.371E+00,1.150E+01,2.602E-01,11.56485828,0.001855254,0.0263,1007,0.00001846,0.706814449,1007
16.16,538.022,539.011,1793407.305,9.986E+03,4.370E+00,1.149E+01,2.597E-01,11.56488629,0.001855249,0.0263,1007,0.00001846,0.706814449,1007
16.17,538.025,539.012,1793415.963,9.973E+03,4.368E+00,1.149E+01,2.593E-01,11.56491426,0.001855245,0.0263,1007,0.00001846,0.706814449,1007
16.18,538.027,539.014,1793424.608,9.960E+03,4.367E+00,1.148E+01,2.589E-01,11.56494218,0.00185524,0.0263,1007,0.00001846,0.706814449,1007
16.19,538.030,539.015,1793433.238,9.947E+03,4.366E+00,1.148E+01,2.585E-01,11.56497006,0.001855236,0.0263,1007,0.00001846,0.706814449,1007
16.2,538.033,539.016,1793441.854,9.934E+03,4.364E+00,1.148E+01,2.581E-01,11.56499789,0.001855232,0.0263,1007,0.00001846,0.706814449,1007
16.21,538.035,539.018,1793450.456,9.921E+03,4.363E+00,1.147E+01,2.576E-01,11.56502568,0.001855227,0.0263,1007,0.00001846,0.706814449,1007
16.22,538.038,539.019,1793459.044,9.908E+03,4.361E+00,1.147E+01,2.572E-01,11.56505342,0.001855223,0.0263,1007,0.00001846,0.706814449,1007
16.23,538.040,539.020,1793467.619,9.895E+03,4.360E+00,1.147E+01,2.568E-01,11.56508112,0.001855218,0.0263,1007,0.00001846,0.706814449,1007
16.24,538.043,539.021,1793476.179,9.882E+03,4.359E+00,1.146E+01,2.564E-01,11.56510877,0.001855214,0.0263,1007,0.00001846,0.706814449,1007
16.25,538.045,539.023,1793484.726,9.869E+03,4.357E+00,1.146E+01,2.560E-01,11.56513637,0.001855209,0.0263,1007,0.00001846,0.706814449,1007
16.26,538.048,539.024,1793493.258,9.856E+03,4.356E+00,1.146E+01,2.556E-01,11.56516393,0.001855205,0.0263,1007,0.00001846,0.706814449,1007
16.27,538.051,539.025,1793501.777,9.843E+03,4.355E+00,1.145E+01,2.552E-01,11.56519145,0.001855201,0.0263,1007,0.00001846,0.706814449,1007
16.28,538.053,539.027,1793510.282,9.830E+03,4.353E+00,1.145E+01,2.547E-01,11.56521892,0.001855196,0.0263,1007,0.00001846,0.706814449,1007
16.29,538.056,539.028,1793518.773,9.817E+03,4.352E+00,1.145E+01,2.543E-01,11.56524635,0.001855192,0.0263,1007,0.00001846,0.706814449,1007
16.3,538.058,539.029,1793527.251,9.804E+03,4.351E+00,1.144E+01,2.539E-01,11.56527373,0.001855187,0.0263,1007,0.00001846,0.706814449,1007
16.31,538.061,539.030,1793535.715,9.792E+03,4.349E+00,1.144E+01,2.535E-01,11.56530107,0.001855183,0.0263,1007,0.00001846,0.706814449,1007
16.32,538.063,539.032,1793544.165,9.779E+03,4.348E+00,1.144E+01,2.531E-01,11.56532836,0.001855179,0.0263,1007,0.00001846,0.706814449,1007
16.33,538.066,539.033,1793552.601,9.766E+03,4.347E+00,1.143E+01,2.527E-01,11.56535561,0.001855174,0.0263,1007,0.00001846,0.706814449,1007
16.34,538.068,539.034,1793561.024,9.753E+03,4.345E+00,1.143E+01,2.523E-01,11.56538282,0.00185517,0.0263,1007,0.00001846,0.706814449,1007
16.35,538.071,539.035,1793569.433,9.741E+03,4.344E+00,1.142E+01,2.519E-01,11.56540998,0.001855166,0.0263,1007,0.00001846,0.706814449,1007
16.36,538.073,539.037,1793577.829,9.728E+03,4.343E+00,1.142E+01,2.515E-01,11.56543709,0.001855161,0.0263,1007,0.00001846,0.706814449,1007
16.37,538.076,539.038,1793586.211,9.715E+03,4.341E+00,1.142E+01,2.511E-01,11.56546417,0.001855157,0.0263,1007,0.00001846,0.706814449,1007
16.38,538.078,539.039,1793594.58,9.703E+03,4.340E+00,1.141E+01,2.507E-01,11.5654912,0.001855153,0.0263,1007,0.00001846,0.706814449,1007
16.39,538.081,539.040,1793602.935,9.690E+03,4.339E+00,1.141E+01,2.502E-01,11.56551818,0.001855148,0.0263,1007,0.00001846,0.706814449,1007
16.4,538.083,539.042,1793611.276,9.677E+03,4.337E+00,1.141E+01,2.498E-01,11.56554512,0.001855144,0.0263,1007,0.00001846,0.706814449,1007
16.41,538.086,539.043,1793619.604,9.665E+03,4.336E+00,1.140E+01,2.494E-01,11.56557202,0.00185514,0.0263,1007,0.00001846,0.706814449,1007
16.42,538.088,539.044,1793627.919,9.652E+03,4.334E+00,1.140E+01,2.490E-01,11.56559888,0.001855135,0.0263,1007,0.00001846,0.706814449,1007
16.43,538.091,539.045,1793636.22,9.640E+03,4.333E+00,1.140E+01,2.486E-01,11.56562569,0.001855131,0.0263,1007,0.00001846,0.706814449,1007
16.44,538.093,539.047,1793644.508,9.627E+03,4.332E+00,1.139E+01,2.482E-01,11.56565246,0.001855127,0.0263,1007,0.00001846,0.706814449,1007
16.45,538.096,539.048,1793652.783,9.615E+03,4.330E+00,1.139E+01,2.478E-01,11.56567918,0.001855123,0.0263,1007,0.00001846,0.706814449,1007
16.46,538.098,539.049,1793661.044,9.602E+03,4.329E+00,1.139E+01,2.474E-01,11.56570586,0.001855118,0.0263,1007,0.00001846,0.706814449,1007
16.47,538.101,539.050,1793669.292,9.590E+03,4.328E+00,1.138E+01,2.470E-01,11.5657325,0.001855114,0.0263,1007,0.00001846,0.706814449,1007
16.48,538.103,539.052,1793677.527,9.577E+03,4.326E+00,1.138E+01,2.466E-01,11.5657591,0.00185511,0.0263,1007,0.00001846,0.706814449,1007
16.49,538.106,539.053,1793685.748,9.565E+03,4.325E+00,1.138E+01,2.462E-01,11.56578565,0.001855106,0.0263,1007,0.00001846,0.706814449,1007
16.5,538.108,539.054,1793693.957,9.552E+03,4.324E+00,1.137E+01,2.459E-01,11.56581216,0.001855101,0.0263,1007,0.00001846,0.706814449,1007
16.51,538.111,539.055,1793702.152,9.540E+03,4.322E+00,1.137E+01,2.455E-01,11.56583863,0.001855097,0.0263,1007,0.00001846,0.706814449,1007
16.52,538.113,539.057,1793710.333,9.528E+03,4.321E+00,1.136E+01,2.451E-01,11.56586505,0.001855093,0.0263,1007,0.00001846,0.706814449,1007
16.53,538.116,539.058,1793718.502,9.515E+03,4.320E+00,1.136E+01,2.447E-01,11.56589143,0.001855089,0.0263,1007,0.00001846,0.706814449,1007
16.54,538.118,539.059,1793726.658,9.503E+03,4.319E+00,1.136E+01,2.443E-01,11.56591777,0.001855085,0.0263,1007,0.00001846,0.706814449,1007
16.55,538.120,539.060,1793734.8,9.491E+03,4.317E+00,1.135E+01,2.439E-01,11.56594407,0.00185508,0.0263,1007,0.00001846,0.706814449,1007
16.56,538.123,539.061,1793742.93,9.478E+03,4.316E+00,1.135E+01,2.435E-01,11.56597033,0.001855076,0.0263,1007,0.00001846,0.706814449,1007
16.57,538.125,539.063,1793751.046,9.466E+03,4.315E+00,1.135E+01,2.431E-01,11.56599654,0.001855072,0.0263,1007,0.00001846,0.706814449,1007
16.58,538.128,539.064,1793759.15,9.454E+03,4.313E+00,1.134E+01,2.427E-01,11.56602271,0.001855068,0.0263,1007,0.00001846,0.706814449,1007
16.59,538.130,539.065,1793767.24,9.442E+03,4.312E+00,1.134E+01,2.423E-01,11.56604884,0.001855064,0.0263,1007,0.00001846,0.706814449,1007
16.6,538.133,539.066,1793775.317,9.429E+03,4.311E+00,1.134E+01,2.419E-01,11.56607492,0.001855059,0.0263,1007,0.00001846,0.706814449,1007
16.61,538.135,539.068,1793783.382,9.417E+03,4.309E+00,1.133E+01,2.415E-01,11.56610097,0.001855055,0.0263,1007,0.00001846,0.706814449,1007
16.62,538.137,539.069,1793791.433,9.405E+03,4.308E+00,1.133E+01,2.412E-01,11.56612697,0.001855051,0.0263,1007,0.00001846,0.706814449,1007
16.63,538.140,539.070,1793799.472,9.393E+03,4.307E+00,1.133E+01,2.408E-01,11.56615293,0.001855047,0.0263,1007,0.00001846,0.706814449,1007
16.64,538.142,539.071,1793807.498,9.381E+03,4.305E+00,1.132E+01,2.404E-01,11.56617885,0.001855043,0.0263,1007,0.00001846,0.706814449,1007
16.65,538.145,539.072,1793815.511,9.369E+03,4.304E+00,1.132E+01,2.400E-01,11.56620473,0.001855039,0.0263,1007,0.00001846,0.706814449,1007
16.66,538.147,539.074,1793823.511,9.356E+03,4.303E+00,1.132E+01,2.396E-01,11.56623056,0.001855035,0.0263,1007,0.00001846,0.706814449,1007
16.67,538.149,539.075,1793831.498,9.344E+03,4.301E+00,1.131E+01,2.392E-01,11.56625636,0.00185503,0.0263,1007,0.00001846,0.706814449,1007
16.68,538.152,539.076,1793839.473,9.332E+03,4.300E+00,1.131E+01,2.389E-01,11.56628211,0.001855026,0.0263,1007,0.00001846,0.706814449,1007
16.69,538.154,539.077,1793847.435,9.320E+03,4.299E+00,1.131E+01,2.385E-01,11.56630782,0.001855022,0.0263,1007,0.00001846,0.706814449,1007
16.7,538.157,539.078,1793855.384,9.308E+03,4.297E+00,1.130E+01,2.381E-01,11.56633349,0.001855018,0.0263,1007,0.00001846,0.706814449,1007
16.71,538.159,539.079,1793863.32,9.296E+03,4.296E+00,1.130E+01,2.377E-01,11.56635912,0.001855014,0.0263,1007,0.00001846,0.706814449,1007
16.72,538.161,539.081,1793871.244,9.284E+03,4.295E+00,1.130E+01,2.373E-01,11.56638471,0.00185501,0.0263,1007,0.00001846,0.706814449,1007
16.73,538.164,539.082,1793879.155,9.272E+03,4.293E+00,1.129E+01,2.370E-01,11.56641026,0.001855006,0.0263,1007,0.00001846,0.706814449,1007
16.74,538.166,539.083,1793887.053,9.260E+03,4.292E+00,1.129E+01,2.366E-01,11.56643577,0.001855002,0.0263,1007,0.00001846,0.706814449,1007
16.75,538.168,539.084,1793894.939,9.248E+03,4.291E+00,1.128E+01,2.362E-01,11.56646123,0.001854998,0.0263,1007,0.00001846,0.706814449,1007
16.76,538.171,539.085,1793902.813,9.236E+03,4.290E+00,1.128E+01,2.358E-01,11.56648666,0.001854994,0.0263,1007,0.00001846,0.706814449,1007
16.77,538.173,539.087,1793910.673,9.225E+03,4.288E+00,1.128E+01,2.354E-01,11.56651204,0.00185499,0.0263,1007,0.00001846,0.706814449,1007
16.78,538.176,539.088,1793918.522,9.213E+03,4.287E+00,1.127E+01,2.351E-01,11.56653739,0.001854985,0.0263,1007,0.00001846,0.706814449,1007
16.79,538.178,539.089,1793926.357,9.201E+03,4.286E+00,1.127E+01,2.347E-01,11.56656269,0.001854981,0.0263,1007,0.00001846,0.706814449,1007
16.8,538.180,539.090,1793934.18,9.189E+03,4.284E+00,1.127E+01,2.343E-01,11.56658795,0.001854977,0.0263,1007,0.00001846,0.706814449,1007
16.81,538.183,539.091,1793941.991,9.177E+03,4.283E+00,1.126E+01,2.340E-01,11.56661318,0.001854973,0.0263,1007,0.00001846,0.706814449,1007
16.82,538.185,539.092,1793949.79,9.165E+03,4.282E+00,1.126E+01,2.336E-01,11.56663836,0.001854969,0.0263,1007,0.00001846,0.706814449,1007
16.83,538.187,539.094,1793957.575,9.154E+03,4.280E+00,1.126E+01,2.332E-01,11.5666635,0.001854965,0.0263,1007,0.00001846,0.706814449,1007
16.84,538.190,539.095,1793965.349,9.142E+03,4.279E+00,1.125E+01,2.328E-01,11.5666886,0.001854961,0.0263,1007,0.00001846,0.706814449,1007
16.85,538.192,539.096,1793973.11,9.130E+03,4.278E+00,1.125E+01,2.325E-01,11.56671367,0.001854957,0.0263,1007,0.00001846,0.706814449,1007
16.86,538.194,539.097,1793980.859,9.118E+03,4.276E+00,1.125E+01,2.321E-01,11.56673869,0.001854953,0.0263,1007,0.00001846,0.706814449,1007
16.87,538.197,539.098,1793988.596,9.107E+03,4.275E+00,1.124E+01,2.317E-01,11.56676367,0.001854949,0.0263,1007,0.00001846,0.706814449,1007
16.88,538.199,539.099,1793996.32,9.095E+03,4.274E+00,1.124E+01,2.314E-01,11.56678861,0.001854945,0.0263,1007,0.00001846,0.706814449,1007
16.89,538.201,539.101,1794004.032,9.083E+03,4.273E+00,1.124E+01,2.310E-01,11.56681352,0.001854941,0.0263,1007,0.00001846,0.706814449,1007
16.9,538.204,539.102,1794011.731,9.072E+03,4.271E+00,1.123E+01,2.306E-01,11.56683838,0.001854937,0.0263,1007,0.00001846,0.706814449,1007
16.91,538.206,539.103,1794019.419,9.060E+03,4.270E+00,1.123E+01,2.303E-01,11.5668632,0.001854933,0.0263,1007,0.00001846,0.706814449,1007
16.92,538.208,539.104,1794027.094,9.049E+03,4.269E+00,1.123E+01,2.299E-01,11.56688799,0.001854929,0.0263,1007,0.00001846,0.706814449,1007
16.93,538.210,539.105,1794034.757,9.037E+03,4.267E+00,1.122E+01,2.295E-01,11.56691273,0.001854925,0.0263,1007,0.00001846,0.706814449,1007
16.94,538.213,539.106,1794042.408,9.025E+03,4.266E+00,1.122E+01,2.292E-01,11.56693744,0.001854922,0.0263,1007,0.00001846,0.706814449,1007
16.95,538.215,539.108,1794050.047,9.014E+03,4.265E+00,1.122E+01,2.288E-01,11.5669621,0.001854918,0.0263,1007,0.00001846,0.706814449,1007
16.96,538.217,539.109,1794057.674,9.002E+03,4.264E+00,1.121E+01,2.284E-01,11.56698673,0.001854914,0.0263,1007,0.00001846,0.706814449,1007
16.97,538.220,539.110,1794065.289,8.991E+03,4.262E+00,1.121E+01,2.281E-01,11.56701132,0.00185491,0.0263,1007,0.00001846,0.706814449,1007
16.98,538.222,539.111,1794072.891,8.979E+03,4.261E+00,1.121E+01,2.277E-01,11.56703587,0.001854906,0.0263,1007,0.00001846,0.706814449,1007
16.99,538.224,539.112,1794080.482,8.968E+03,4.260E+00,1.120E+01,2.274E-01,11.56706038,0.001854902,0.0263,1007,0.00001846,0.706814449,1007
17,538.226,539.113,1794088.06,8.956E+03,4.258E+00,1.120E+01,2.270E-01,11.56708485,0.001854898,0.0263,1007,0.00001846,0.706814449,1007
17.01,538.229,539.114,1794095.627,8.945E+03,4.257E+00,1.120E+01,2.266E-01,11.56710928,0.001854894,0.0263,1007,0.00001846,0.706814449,1007
17.02,538.231,539.115,1794103.182,8.933E+03,4.256E+00,1.119E+01,2.263E-01,11.56713367,0.00185489,0.0263,1007,0.00001846,0.706814449,1007
17.03,538.233,539.117,1794110.724,8.922E+03,4.255E+00,1.119E+01,2.259E-01,11.56715803,0.001854886,0.0263,1007,0.00001846,0.706814449,1007
17.04,538.235,539.118,1794118.255,8.911E+03,4.253E+00,1.119E+01,2.256E-01,11.56718235,0.001854882,0.0263,1007,0.00001846,0.706814449,1007
17.05,538.238,539.119,1794125.774,8.899E+03,4.252E+00,1.118E+01,2.252E-01,11.56720662,0.001854879,0.0263,1007,0.00001846,0.706814449,1007
17.06,538.240,539.120,1794133.281,8.888E+03,4.251E+00,1.118E+01,2.249E-01,11.56723086,0.001854875,0.0263,1007,0.00001846,0.706814449,1007
17.07,538.242,539.121,1794140.776,8.877E+03,4.249E+00,1.118E+01,2.245E-01,11.56725506,0.001854871,0.0263,1007,0.00001846,0.706814449,1007
17.08,538.244,539.122,1794148.259,8.865E+03,4.248E+00,1.117E+01,2.241E-01,11.56727923,0.001854867,0.0263,1007,0.00001846,0.706814449,1007
17.09,538.247,539.123,1794155.731,8.854E+03,4.247E+00,1.117E+01,2.238E-01,11.56730335,0.001854863,0.0263,1007,0.00001846,0.706814449,1007
17.1,538.249,539.124,1794163.19,8.843E+03,4.246E+00,1.117E+01,2.234E-01,11.56732744,0.001854859,0.0263,1007,0.00001846,0.706814449,1007
17.11,538.251,539.126,1794170.638,8.831E+03,4.244E+00,1.116E+01,2.231E-01,11.56735148,0.001854855,0.0263,1007,0.00001846,0.706814449,1007
17.12,538.253,539.127,1794178.074,8.820E+03,4.243E+00,1.116E+01,2.227E-01,11.56737549,0.001854852,0.0263,1007,0.00001846,0.706814449,1007
17.13,538.256,539.128,1794185.499,8.809E+03,4.242E+00,1.116E+01,2.224E-01,11.56739947,0.001854848,0.0263,1007,0.00001846,0.706814449,1007
17.14,538.258,539.129,1794192.911,8.798E+03,4.240E+00,1.115E+01,2.220E-01,11.5674234,0.001854844,0.0263,1007,0.00001846,0.706814449,1007
17.15,538.260,539.130,1794200.312,8.787E+03,4.239E+00,1.115E+01,2.217E-01,11.5674473,0.00185484,0.0263,1007,0.00001846,0.706814449,1007
17.16,538.262,539.131,1794207.702,8.775E+03,4.238E+00,1.115E+01,2.213E-01,11.56747115,0.001854836,0.0263,1007,0.00001846,0.706814449,1007
17.17,538.265,539.132,1794215.08,8.764E+03,4.237E+00,1.114E+01,2.210E-01,11.56749498,0.001854832,0.0263,1007,0.00001846,0.706814449,1007
17.18,538.267,539.133,1794222.446,8.753E+03,4.235E+00,1.114E+01,2.206E-01,11.56751876,0.001854829,0.0263,1007,0.00001846,0.706814449,1007
17.19,538.269,539.134,1794229.8,8.742E+03,4.234E+00,1.114E+01,2.203E-01,11.5675425,0.001854825,0.0263,1007,0.00001846,0.706814449,1007
17.2,538.271,539.136,1794237.143,8.731E+03,4.233E+00,1.113E+01,2.199E-01,11.56756621,0.001854821,0.0263,1007,0.00001846,0.706814449,1007
17.21,538.273,539.137,1794244.475,8.720E+03,4.232E+00,1.113E+01,2.196E-01,11.56758988,0.001854817,0.0263,1007,0.00001846,0.706814449,1007
17.22,538.276,539.138,1794251.795,8.709E+03,4.230E+00,1.113E+01,2.193E-01,11.56761352,0.001854813,0.0263,1007,0.00001846,0.706814449,1007
17.23,538.278,539.139,1794259.103,8.698E+03,4.229E+00,1.112E+01,2.189E-01,11.56763711,0.00185481,0.0263,1007,0.00001846,0.706814449,1007
17.24,538.280,539.140,1794266.4,8.687E+03,4.228E+00,1.112E+01,2.186E-01,11.56766067,0.001854806,0.0263,1007,0.00001846,0.706814449,1007
17.25,538.282,539.141,1794273.686,8.676E+03,4.226E+00,1.112E+01,2.182E-01,11.5676842,0.001854802,0.0263,1007,0.00001846,0.706814449,1007
17.26,538.284,539.142,1794280.96,8.665E+03,4.225E+00,1.111E+01,2.179E-01,11.56770768,0.001854798,0.0263,1007,0.00001846,0.706814449,1007
17.27,538.286,539.143,1794288.222,8.654E+03,4.224E+00,1.111E+01,2.175E-01,11.56773113,0.001854795,0.0263,1007,0.00001846,0.706814449,1007
17.28,538.289,539.144,1794295.474,8.643E+03,4.223E+00,1.111E+01,2.172E-01,11.56775454,0.001854791,0.0263,1007,0.00001846,0.706814449,1007
17.29,538.291,539.145,1794302.713,8.632E+03,4.221E+00,1.110E+01,2.169E-01,11.56777792,0.001854787,0.0263,1007,0.00001846,0.706814449,1007
17.3,538.293,539.146,1794309.942,8.621E+03,4.220E+00,1.110E+01,2.165E-01,11.56780125,0.001854783,0.0263,1007,0.00001846,0.706814449,1007
17.31,538.295,539.148,1794317.159,8.610E+03,4.219E+00,1.110E+01,2.162E-01,11.56782455,0.00185478,0.0263,1007,0.00001846,0.706814449,1007
17.32,538.297,539.149,1794324.365,8.599E+03,4.218E+00,1.109E+01,2.158E-01,11.56784782,0.001854776,0.0263,1007,0.00001846,0.706814449,1007
17.33,538.299,539.150,1794331.56,8.588E+03,4.216E+00,1.109E+01,2.155E-01,11.56787105,0.001854772,0.0263,1007,0.00001846,0.706814449,1007
17.34,538.302,539.151,1794338.743,8.577E+03,4.215E+00,1.109E+01,2.152E-01,11.56789424,0.001854769,0.0263,1007,0.00001846,0.706814449,1007
17.35,538.304,539.152,1794345.915,8.566E+03,4.214E+00,1.108E+01,2.148E-01,11.56791739,0.001854765,0.0263,1007,0.00001846,0.706814449,1007
17.36,538.306,539.153,1794353.076,8.555E+03,4.213E+00,1.108E+01,2.145E-01,11.56794051,0.001854761,0.0263,1007,0.00001846,0.706814449,1007
17.37,538.308,539.154,1794360.225,8.545E+03,4.211E+00,1.108E+01,2.142E-01,11.56796359,0.001854758,0.0263,1007,0.00001846,0.706814449,1007
17.38,538.310,539.155,1794367.364,8.534E+03,4.210E+00,1.107E+01,2.138E-01,11.56798664,0.001854754,0.0263,1007,0.00001846,0.706814449,1007
17.39,538.312,539.156,1794374.491,8.523E+03,4.209E+00,1.107E+01,2.135E-01,11.56800965,0.00185475,0.0263,1007,0.00001846,0.706814449,1007
17.4,538.314,539.157,1794381.607,8.512E+03,4.208E+00,1.107E+01,2.132E-01,11.56803263,0.001854746,0.0263,1007,0.00001846,0.706814449,1007
17.41,538.317,539.158,1794388.712,8.502E+03,4.206E+00,1.106E+01,2.128E-01,11.56805556,0.001854743,0.0263,1007,0.00001846,0.706814449,1007
17.42,538.319,539.159,1794395.806,8.491E+03,4.205E+00,1.106E+01,2.125E-01,11.56807847,0.001854739,0.0263,1007,0.00001846,0.706814449,1007
17.43,538.321,539.160,1794402.889,8.480E+03,4.204E+00,1.106E+01,2.122E-01,11.56810133,0.001854736,0.0263,1007,0.00001846,0.706814449,1007
17.44,538.323,539.161,1794409.961,8.469E+03,4.203E+00,1.105E+01,2.118E-01,11.56812416,0.001854732,0.0263,1007,0.00001846,0.706814449,1007
17.45,538.325,539.163,1794417.022,8.459E+03,4.201E+00,1.105E+01,2.115E-01,11.56814696,0.001854728,0.0263,1007,0.00001846,0.706814449,1007
17.46,538.327,539.164,1794424.072,8.448E+03,4.200E+00,1.105E+01,2.112E-01,11.56816972,0.001854725,0.0263,1007,0.00001846,0.706814449,1007
17.47,538.329,539.165,1794431.11,8.437E+03,4.199E+00,1.104E+01,2.108E-01,11.56819244,0.001854721,0.0263,1007,0.00001846,0.706814449,1007
17.48,538.331,539.166,1794438.138,8.427E+03,4.198E+00,1.104E+01,2.105E-01,11.56821513,0.001854717,0.0263,1007,0.00001846,0.706814449,1007
17.49,538.334,539.167,1794445.155,8.416E+03,4.196E+00,1.104E+01,2.102E-01,11.56823778,0.001854714,0.0263,1007,0.00001846,0.706814449,1007
17.5,538.336,539.168,1794452.161,8.406E+03,4.195E+00,1.103E+01,2.098E-01,11.5682604,0.00185471,0.0263,1007,0.00001846,0.706814449,1007
17.51,538.338,539.169,1794459.156,8.395E+03,4.194E+00,1.103E+01,2.095E-01,11.56828298,0.001854706,0.0263,1007,0.00001846,0.706814449,1007
17.52,538.340,539.170,1794466.14,8.384E+03,4.193E+00,1.103E+01,2.092E-01,11.56830553,0.001854703,0.0263,1007,0.00001846,0.706814449,1007
17.53,538.342,539.171,1794473.113,8.374E+03,4.191E+00,1.102E+01,2.089E-01,11.56832804,0.001854699,0.0263,1007,0.00001846,0.706814449,1007
17.54,538.344,539.172,1794480.075,8.363E+03,4.190E+00,1.102E+01,2.085E-01,11.56835052,0.001854696,0.0263,1007,0.00001846,0.706814449,1007
17.55,538.346,539.173,1794487.027,8.353E+03,4.189E+00,1.102E+01,2.082E-01,11.56837296,0.001854692,0.0263,1007,0.00001846,0.706814449,1007
17.56,538.348,539.174,1794493.968,8.342E+03,4.188E+00,1.101E+01,2.079E-01,11.56839536,0.001854689,0.0263,1007,0.00001846,0.706814449,1007
17.57,538.350,539.175,1794500.898,8.332E+03,4.186E+00,1.101E+01,2.076E-01,11.56841773,0.001854685,0.0263,1007,0.00001846,0.706814449,1007
17.58,538.352,539.176,1794507.817,8.321E+03,4.185E+00,1.101E+01,2.073E-01,11.56844007,0.001854681,0.0263,1007,0.00001846,0.706814449,1007
17.59,538.354,539.177,1794514.725,8.311E+03,4.184E+00,1.100E+01,2.069E-01,11.56846237,0.001854678,0.0263,1007,0.00001846,0.706814449,1007
17.6,538.356,539.178,1794521.623,8.301E+03,4.183E+00,1.100E+01,2.066E-01,11.56848464,0.001854674,0.0263,1007,0.00001846,0.706814449,1007
17.61,538.359,539.179,1794528.51,8.290E+03,4.181E+00,1.100E+01,2.063E-01,11.56850687,0.001854671,0.0263,1007,0.00001846,0.706814449,1007
17.62,538.361,539.180,1794535.386,8.280E+03,4.180E+00,1.099E+01,2.060E-01,11.56852907,0.001854667,0.0263,1007,0.00001846,0.706814449,1007
17.63,538.363,539.181,1794542.252,8.269E+03,4.179E+00,1.099E+01,2.056E-01,11.56855123,0.001854664,0.0263,1007,0.00001846,0.706814449,1007
17.64,538.365,539.182,1794549.107,8.259E+03,4.178E+00,1.099E+01,2.053E-01,11.56857336,0.00185466,0.0263,1007,0.00001846,0.706814449,1007
17.65,538.367,539.183,1794555.951,8.249E+03,4.176E+00,1.098E+01,2.050E-01,11.56859546,0.001854657,0.0263,1007,0.00001846,0.706814449,1007
17.66,538.369,539.184,1794562.785,8.238E+03,4.175E+00,1.098E+01,2.047E-01,11.56861752,0.001854653,0.0263,1007,0.00001846,0.706814449,1007
17.67,538.371,539.185,1794569.608,8.228E+03,4.174E+00,1.098E+01,2.044E-01,11.56863954,0.001854649,0.0263,1007,0.00001846,0.706814449,1007
17.68,538.373,539.186,1794576.42,8.218E+03,4.173E+00,1.097E+01,2.041E-01,11.56866153,0.001854646,0.0263,1007,0.00001846,0.706814449,1007
17.69,538.375,539.187,1794583.222,8.207E+03,4.172E+00,1.097E+01,2.037E-01,11.56868349,0.001854642,0.0263,1007,0.00001846,0.706814449,1007
17.7,538.377,539.189,1794590.014,8.197E+03,4.170E+00,1.097E+01,2.034E-01,11.56870541,0.001854639,0.0263,1007,0.00001846,0.706814449,1007
17.71,538.379,539.190,1794596.795,8.187E+03,4.169E+00,1.096E+01,2.031E-01,11.5687273,0.001854635,0.0263,1007,0.00001846,0.706814449,1007
17.72,538.381,539.191,1794603.565,8.177E+03,4.168E+00,1.096E+01,2.028E-01,11.56874916,0.001854632,0.0263,1007,0.00001846,0.706814449,1007
17.73,538.383,539.192,1794610.325,8.166E+03,4.167E+00,1.096E+01,2.025E-01,11.56877098,0.001854628,0.0263,1007,0.00001846,0.706814449,1007
17.74,538.385,539.193,1794617.074,8.156E+03,4.165E+00,1.095E+01,2.022E-01,11.56879277,0.001854625,0.0263,1007,0.00001846,0.706814449,1007
17.75,538.387,539.194,1794623.814,8.146E+03,4.164E+00,1.095E+01,2.019E-01,11.56881452,0.001854622,0.0263,1007,0.00001846,0.706814449,1007
17.76,538.389,539.195,1794630.542,8.136E+03,4.163E+00,1.095E+01,2.015E-01,11.56883624,0.001854618,0.0263,1007,0.00001846,0.706814449,1007
17.77,538.391,539.196,1794637.26,8.126E+03,4.162E+00,1.095E+01,2.012E-01,11.56885793,0.001854615,0.0263,1007,0.00001846,0.706814449,1007
17.78,538.393,539.197,1794643.968,8.115E+03,4.160E+00,1.094E+01,2.009E-01,11.56887958,0.001854611,0.0263,1007,0.00001846,0.706814449,1007
17.79,538.395,539.198,1794650.666,8.105E+03,4.159E+00,1.094E+01,2.006E-01,11.5689012,0.001854608,0.0263,1007,0.00001846,0.706814449,1007
17.8,538.397,539.199,1794657.353,8.095E+03,4.158E+00,1.094E+01,2.003E-01,11.56892279,0.001854604,0.0263,1007,0.00001846,0.706814449,1007
17.81,538.399,539.200,1794664.03,8.085E+03,4.157E+00,1.093E+01,2.000E-01,11.56894434,0.001854601,0.0263,1007,0.00001846,0.706814449,1007
17.82,538.401,539.201,1794670.696,8.075E+03,4.156E+00,1.093E+01,1.997E-01,11.56896586,0.001854597,0.0263,1007,0.00001846,0.706814449,1007
17.83,538.403,539.202,1794677.353,8.065E+03,4.154E+00,1.093E+01,1.994E-01,11.56898734,0.001854594,0.0263,1007,0.00001846,0.706814449,1007
17.84,538.405,539.203,1794683.999,8.055E+03,4.153E+00,1.092E+01,1.991E-01,11.5690088,0.00185459,0.0263,1007,0.00001846,0.706814449,1007
17.85,538.407,539.204,1794690.634,8.045E+03,4.152E+00,1.092E+01,1.988E-01,11.56903022,0.001854587,0.0263,1007,0.00001846,0.706814449,1007
17.86,538.409,539.205,1794697.26,8.035E+03,4.151E+00,1.092E+01,1.985E-01,11.5690516,0.001854584,0.0263,1007,0.00001846,0.706814449,1007
17.87,538.411,539.206,1794703.875,8.025E+03,4.150E+00,1.091E+01,1.982E-01,11.56907296,0.00185458,0.0263,1007,0.00001846,0.706814449,1007
17.88,538.413,539.207,1794710.48,8.015E+03,4.148E+00,1.091E+01,1.978E-01,11.56909428,0.001854577,0.0263,1007,0.00001846,0.706814449,1007
17.89,538.415,539.208,1794717.075,8.005E+03,4.147E+00,1.091E+01,1.975E-01,11.56911556,0.001854573,0.0263,1007,0.00001846,0.706814449,1007
17.9,538.417,539.209,1794723.66,7.995E+03,4.146E+00,1.090E+01,1.972E-01,11.56913682,0.00185457,0.0263,1007,0.00001846,0.706814449,1007
17.91,538.419,539.210,1794730.235,7.985E+03,4.145E+00,1.090E+01,1.969E-01,11.56915804,0.001854567,0.0263,1007,0.00001846,0.706814449,1007
17.92,538.421,539.211,1794736.799,7.975E+03,4.143E+00,1.090E+01,1.966E-01,11.56917923,0.001854563,0.0263,1007,0.00001846,0.706814449,1007
17.93,538.423,539.212,1794743.354,7.965E+03,4.142E+00,1.089E+01,1.963E-01,11.56920038,0.00185456,0.0263,1007,0.00001846,0.706814449,1007
17.94,538.425,539.212,1794749.898,7.955E+03,4.141E+00,1.089E+01,1.960E-01,11.56922151,0.001854556,0.0263,1007,0.00001846,0.706814449,1007
17.95,538.427,539.213,1794756.432,7.945E+03,4.140E+00,1.089E+01,1.957E-01,11.5692426,0.001854553,0.0263,1007,0.00001846,0.706814449,1007
17.96,538.429,539.214,1794762.957,7.935E+03,4.139E+00,1.088E+01,1.954E-01,11.56926366,0.00185455,0.0263,1007,0.00001846,0.706814449,1007
17.97,538.431,539.215,1794769.471,7.926E+03,4.137E+00,1.088E+01,1.951E-01,11.56928469,0.001854546,0.0263,1007,0.00001846,0.706814449,1007
17.98,538.433,539.216,1794775.975,7.916E+03,4.136E+00,1.088E+01,1.948E-01,11.56930568,0.001854543,0.0263,1007,0.00001846,0.706814449,1007
17.99,538.435,539.217,1794782.469,7.906E+03,4.135E+00,1.087E+01,1.945E-01,11.56932664,0.00185454,0.0263,1007,0.00001846,0.706814449,1007
18,538.437,539.218,1794788.954,7.896E+03,4.134E+00,1.087E+01,1.942E-01,11.56934757,0.001854536,0.0263,1007,0.00001846,0.706814449,1007
18.01,538.439,539.219,1794795.428,7.886E+03,4.133E+00,1.087E+01,1.939E-01,11.56936847,0.001854533,0.0263,1007,0.00001846,0.706814449,1007
18.02,538.441,539.220,1794801.893,7.876E+03,4.131E+00,1.087E+01,1.936E-01,11.56938933,0.00185453,0.0263,1007,0.00001846,0.706814449,1007
18.03,538.443,539.221,1794808.347,7.867E+03,4.130E+00,1.086E+01,1.933E-01,11.56941017,0.001854526,0.0263,1007,0.00001846,0.706814449,1007
18.04,538.444,539.222,1794814.792,7.857E+03,4.129E+00,1.086E+01,1.930E-01,11.56943097,0.001854523,0.0263,1007,0.00001846,0.706814449,1007
18.05,538.446,539.223,1794821.226,7.847E+03,4.128E+00,1.086E+01,1.927E-01,11.56945174,0.00185452,0.0263,1007,0.00001846,0.706814449,1007
18.06,538.448,539.224,1794827.651,7.838E+03,4.127E+00,1.085E+01,1.925E-01,11.56947247,0.001854516,0.0263,1007,0.00001846,0.706814449,1007
18.07,538.450,539.225,1794834.066,7.828E+03,4.125E+00,1.085E+01,1.922E-01,11.56949318,0.001854513,0.0263,1007,0.00001846,0.706814449,1007
18.08,538.452,539.226,1794840.472,7.818E+03,4.124E+00,1.085E+01,1.919E-01,11.56951385,0.00185451,0.0263,1007,0.00001846,0.706814449,1007
18.09,538.454,539.227,1794846.867,7.808E+03,4.123E+00,1.084E+01,1.916E-01,11.56953449,0.001854506,0.0263,1007,0.00001846,0.706814449,1007
18.1,538.456,539.228,1794853.253,7.799E+03,4.122E+00,1.084E+01,1.913E-01,11.56955511,0.001854503,0.0263,1007,0.00001846,0.706814449,1007
18.11,538.458,539.229,1794859.629,7.789E+03,4.121E+00,1.084E+01,1.910E-01,11.56957568,0.0018545,0.0263,1007,0.00001846,0.706814449,1007
18.12,538.460,539.230,1794865.995,7.779E+03,4.119E+00,1.083E+01,1.907E-01,11.56959623,0.001854497,0.0263,1007,0.00001846,0.706814449,1007
18.13,538.462,539.231,1794872.351,7.770E+03,4.118E+00,1.083E+01,1.904E-01,11.56961675,0.001854493,0.0263,1007,0.00001846,0.706814449,1007
18.14,538.464,539.232,1794878.698,7.760E+03,4.117E+00,1.083E+01,1.901E-01,11.56963723,0.00185449,0.0263,1007,0.00001846,0.706814449,1007
18.15,538.466,539.233,1794885.035,7.751E+03,4.116E+00,1.082E+01,1.898E-01,11.56965768,0.001854487,0.0263,1007,0.00001846,0.706814449,1007
18.16,538.467,539.234,1794891.362,7.741E+03,4.115E+00,1.082E+01,1.895E-01,11.56967811,0.001854483,0.0263,1007,0.00001846,0.706814449,1007
18.17,538.469,539.235,1794897.68,7.732E+03,4.113E+00,1.082E+01,1.892E-01,11.5696985,0.00185448,0.0263,1007,0.00001846,0.706814449,1007
18.18,538.471,539.236,1794903.988,7.722E+03,4.112E+00,1.082E+01,1.890E-01,11.56971886,0.001854477,0.0263,1007,0.00001846,0.706814449,1007
18.19,538.473,539.237,1794910.286,7.712E+03,4.111E+00,1.081E+01,1.887E-01,11.56973918,0.001854474,0.0263,1007,0.00001846,0.706814449,1007
18.2,538.475,539.237,1794916.575,7.703E+03,4.110E+00,1.081E+01,1.884E-01,11.56975948,0.00185447,0.0263,1007,0.00001846,0.706814449,1007
18.21,538.477,539.238,1794922.854,7.693E+03,4.109E+00,1.081E+01,1.881E-01,11.56977975,0.001854467,0.0263,1007,0.00001846,0.706814449,1007
18.22,538.479,539.239,1794929.124,7.684E+03,4.107E+00,1.080E+01,1.878E-01,11.56979998,0.001854464,0.0263,1007,0.00001846,0.706814449,1007
18.23,538.481,539.240,1794935.384,7.674E+03,4.106E+00,1.080E+01,1.875E-01,11.56982018,0.001854461,0.0263,1007,0.00001846,0.706814449,1007
18.24,538.482,539.241,1794941.634,7.665E+03,4.105E+00,1.080E+01,1.872E-01,11.56984036,0.001854458,0.0263,1007,0.00001846,0.706814449,1007
18.25,538.484,539.242,1794947.875,7.656E+03,4.104E+00,1.079E+01,1.869E-01,11.5698605,0.001854454,0.0263,1007,0.00001846,0.706814449,1007
18.26,538.486,539.243,1794954.107,7.646E+03,4.103E+00,1.079E+01,1.867E-01,11.56988061,0.001854451,0.0263,1007,0.00001846,0.706814449,1007
18.27,538.488,539.244,1794960.329,7.637E+03,4.101E+00,1.079E+01,1.864E-01,11.56990069,0.001854448,0.0263,1007,0.00001846,0.706814449,1007
18.28,538.490,539.245,1794966.541,7.627E+03,4.100E+00,1.078E+01,1.861E-01,11.56992074,0.001854445,0.0263,1007,0.00001846,0.706814449,1007
18.29,538.492,539.246,1794972.744,7.618E+03,4.099E+00,1.078E+01,1.858E-01,11.56994076,0.001854442,0.0263,1007,0.00001846,0.706814449,1007
18.3,538.494,539.247,1794978.938,7.609E+03,4.098E+00,1.078E+01,1.855E-01,11.56996075,0.001854438,0.0263,1007,0.00001846,0.706814449,1007
18.31,538.496,539.248,1794985.122,7.599E+03,4.097E+00,1.077E+01,1.852E-01,11.56998071,0.001854435,0.0263,1007,0.00001846,0.706814449,1007
18.32,538.497,539.249,1794991.297,7.590E+03,4.096E+00,1.077E+01,1.850E-01,11.57000064,0.001854432,0.0263,1007,0.00001846,0.706814449,1007
18.33,538.499,539.250,1794997.463,7.581E+03,4.094E+00,1.077E+01,1.847E-01,11.57002054,0.001854429,0.0263,1007,0.00001846,0.706814449,1007
18.34,538.501,539.251,1795003.619,7.571E+03,4.093E+00,1.077E+01,1.844E-01,11.57004041,0.001854426,0.0263,1007,0.00001846,0.706814449,1007
18.35,538.503,539.251,1795009.765,7.562E+03,4.092E+00,1.076E+01,1.841E-01,11.57006024,0.001854422,0.0263,1007,0.00001846,0.706814449,1007
18.36,538.505,539.252,1795015.903,7.553E+03,4.091E+00,1.076E+01,1.838E-01,11.57008005,0.001854419,0.0263,1007,0.00001846,0.706814449,1007
18.37,538.507,539.253,1795022.031,7.543E+03,4.090E+00,1.076E+01,1.836E-01,11.57009983,0.001854416,0.0263,1007,0.00001846,0.706814449,1007
18.38,538.508,539.254,1795028.15,7.534E+03,4.088E+00,1.075E+01,1.833E-01,11.57011957,0.001854413,0.0263,1007,0.00001846,0.706814449,1007
18.39,538.510,539.255,1795034.259,7.525E+03,4.087E+00,1.075E+01,1.830E-01,11.57013929,0.00185441,0.0263,1007,0.00001846,0.706814449,1007
18.4,538.512,539.256,1795040.36,7.516E+03,4.086E+00,1.075E+01,1.827E-01,11.57015898,0.001854407,0.0263,1007,0.00001846,0.706814449,1007
18.41,538.514,539.257,1795046.451,7.506E+03,4.085E+00,1.074E+01,1.825E-01,11.57017864,0.001854403,0.0263,1007,0.00001846,0.706814449,1007
18.42,538.516,539.258,1795052.532,7.497E+03,4.084E+00,1.074E+01,1.822E-01,11.57019826,0.0018544,0.0263,1007,0.00001846,0.706814449,1007
18.43,538.518,539.259,1795058.605,7.488E+03,4.083E+00,1.074E+01,1.819E-01,11.57021786,0.001854397,0.0263,1007,0.00001846,0.706814449,1007
18.44,538.519,539.260,1795064.668,7.479E+03,4.081E+00,1.073E+01,1.816E-01,11.57023743,0.001854394,0.0263,1007,0.00001846,0.706814449,1007
18.45,538.521,539.261,1795070.722,7.470E+03,4.080E+00,1.073E+01,1.814E-01,11.57025697,0.001854391,0.0263,1007,0.00001846,0.706814449,1007
18.46,538.523,539.262,1795076.767,7.461E+03,4.079E+00,1.073E+01,1.811E-01,11.57027648,0.001854388,0.0263,1007,0.00001846,0.706814449,1007
18.47,538.525,539.262,1795082.803,7.451E+03,4.078E+00,1.072E+01,1.808E-01,11.57029595,0.001854385,0.0263,1007,0.00001846,0.706814449,1007
18.48,538.527,539.263,1795088.83,7.442E+03,4.077E+00,1.072E+01,1.805E-01,11.5703154,0.001854382,0.0263,1007,0.00001846,0.706814449,1007
18.49,538.528,539.264,1795094.848,7.433E+03,4.076E+00,1.072E+01,1.803E-01,11.57033482,0.001854379,0.0263,1007,0.00001846,0.706814449,1007
18.5,538.530,539.265,1795100.856,7.424E+03,4.074E+00,1.072E+01,1.800E-01,11.57035421,0.001854375,0.0263,1007,0.00001846,0.706814449,1007
18.51,538.532,539.266,1795106.856,7.415E+03,4.073E+00,1.071E+01,1.797E-01,11.57037358,0.001854372,0.0263,1007,0.00001846,0.706814449,1007
18.52,538.534,539.267,1795112.846,7.406E+03,4.072E+00,1.071E+01,1.794E-01,11.57039291,0.001854369,0.0263,1007,0.00001846,0.706814449,1007
18.53,538.536,539.268,1795118.827,7.397E+03,4.071E+00,1.071E+01,1.792E-01,11.57041221,0.001854366,0.0263,1007,0.00001846,0.706814449,1007
18.54,538.537,539.269,1795124.8,7.388E+03,4.070E+00,1.070E+01,1.789E-01,11.57043148,0.001854363,0.0263,1007,0.00001846,0.706814449,1007
18.55,538.539,539.270,1795130.763,7.379E+03,4.069E+00,1.070E+01,1.786E-01,11.57045073,0.00185436,0.0263,1007,0.00001846,0.706814449,1007
18.56,538.541,539.271,1795136.717,7.370E+03,4.067E+00,1.070E+01,1.784E-01,11.57046994,0.001854357,0.0263,1007,0.00001846,0.706814449,1007
18.57,538.543,539.271,1795142.663,7.361E+03,4.066E+00,1.069E+01,1.781E-01,11.57048913,0.001854354,0.0263,1007,0.00001846,0.706814449,1007
18.58,538.545,539.272,1795148.599,7.352E+03,4.065E+00,1.069E+01,1.778E-01,11.57050829,0.001854351,0.0263,1007,0.00001846,0.706814449,1007
18.59,538.546,539.273,1795154.526,7.343E+03,4.064E+00,1.069E+01,1.776E-01,11.57052741,0.001854348,0.0263,1007,0.00001846,0.706814449,1007
18.6,538.548,539.274,1795160.445,7.334E+03,4.063E+00,1.069E+01,1.773E-01,11.57054651,0.001854345,0.0263,1007,0.00001846,0.706814449,1007
18.61,538.550,539.275,1795166.355,7.325E+03,4.062E+00,1.068E+01,1.770E-01,11.57056558,0.001854342,0.0263,1007,0.00001846,0.706814449,1007
18.62,538.552,539.276,1795172.255,7.316E+03,4.060E+00,1.068E+01,1.768E-01,11.57058462,0.001854339,0.0263,1007,0.00001846,0.706814449,1007
18.63,538.553,539.277,1795178.147,7.307E+03,4.059E+00,1.068E+01,1.765E-01,11.57060364,0.001854336,0.0263,1007,0.00001846,0.706814449,1007
18.64,538.555,539.278,1795184.03,7.298E+03,4.058E+00,1.067E+01,1.762E-01,11.57062262,0.001854333,0.0263,1007,0.00001846,0.706814449,1007
18.65,538.557,539.278,1795189.904,7.289E+03,4.057E+00,1.067E+01,1.760E-01,11.57064158,0.001854329,0.0263,1007,0.00001846,0.706814449,1007
18.66,538.559,539.279,1795195.769,7.280E+03,4.056E+00,1.067E+01,1.757E-01,11.5706605,0.001854326,0.0263,1007,0.00001846,0.706814449,1007
18.67,538.560,539.280,1795201.625,7.272E+03,4.055E+00,1.066E+01,1.754E-01,11.5706794,0.001854323,0.0263,1007,0.00001846,0.706814449,1007
18.68,538.562,539.281,1795207.473,7.263E+03,4.054E+00,1.066E+01,1.752E-01,11.57069827,0.00185432,0.0263,1007,0.00001846,0.706814449,1007
18.69,538.564,539.282,1795213.312,7.254E+03,4.052E+00,1.066E+01,1.749E-01,11.57071711,0.001854317,0.0263,1007,0.00001846,0.706814449,1007
18.7,538.566,539.283,1795219.142,7.245E+03,4.051E+00,1.065E+01,1.746E-01,11.57073593,0.001854314,0.0263,1007,0.00001846,0.706814449,1007
18.71,538.567,539.284,1795224.963,7.236E+03,4.050E+00,1.065E+01,1.744E-01,11.57075471,0.001854311,0.0263,1007,0.00001846,0.706814449,1007
18.72,538.569,539.285,1795230.776,7.227E+03,4.049E+00,1.065E+01,1.741E-01,11.57077347,0.001854308,0.0263,1007,0.00001846,0.706814449,1007
18.73,538.571,539.285,1795236.579,7.219E+03,4.048E+00,1.065E+01,1.739E-01,11.5707922,0.001854305,0.0263,1007,0.00001846,0.706814449,1007
18.74,538.573,539.286,1795242.374,7.210E+03,4.047E+00,1.064E+01,1.736E-01,11.5708109,0.001854302,0.0263,1007,0.00001846,0.706814449,1007
18.75,538.574,539.287,1795248.161,7.201E+03,4.045E+00,1.064E+01,1.733E-01,11.57082957,0.001854299,0.0263,1007,0.00001846,0.706814449,1007
18.76,538.576,539.288,1795253.938,7.192E+03,4.044E+00,1.064E+01,1.731E-01,11.57084821,0.001854296,0.0263,1007,0.00001846,0.706814449,1007
18.77,538.578,539.289,1795259.708,7.184E+03,4.043E+00,1.063E+01,1.728E-01,11.57086683,0.001854293,0.0263,1007,0.00001846,0.706814449,1007
18.78,538.580,539.290,1795265.468,7.175E+03,4.042E+00,1.063E+01,1.726E-01,11.57088542,0.001854291,0.0263,1007,0.00001846,0.706814449,1007
18.79,538.581,539.291,1795271.22,7.166E+03,4.041E+00,1.063E+01,1.723E-01,11.57090398,0.001854288,0.0263,1007,0.00001846,0.706814449,1007
18.8,538.583,539.292,1795276.963,7.158E+03,4.040E+00,1.062E+01,1.720E-01,11.57092251,0.001854285,0.0263,1007,0.00001846,0.706814449,1007
18.81,538.585,539.292,1795282.697,7.149E+03,4.039E+00,1.062E+01,1.718E-01,11.57094101,0.001854282,0.0263,1007,0.00001846,0.706814449,1007
18.82,538.587,539.293,1795288.423,7.140E+03,4.037E+00,1.062E+01,1.715E-01,11.57095949,0.001854279,0.0263,1007,0.00001846,0.706814449,1007
18.83,538.588,539.294,1795294.141,7.132E+03,4.036E+00,1.062E+01,1.713E-01,11.57097794,0.001854276,0.0263,1007,0.00001846,0.706814449,1007
18.84,538.590,539.295,1795299.849,7.123E+03,4.035E+00,1.061E+01,1.710E-01,11.57099636,0.001854273,0.0263,1007,0.00001846,0.706814449,1007
18.85,538.592,539.296,1795305.55,7.114E+03,4.034E+00,1.061E+01,1.708E-01,11.57101475,0.00185427,0.0263,1007,0.00001846,0.706814449,1007
18.86,538.593,539.297,1795311.241,7.106E+03,4.033E+00,1.061E+01,1.705E-01,11.57103312,0.001854267,0.0263,1007,0.00001846,0.706814449,1007
18.87,538.595,539.298,1795316.925,7.097E+03,4.032E+00,1.060E+01,1.702E-01,11.57105146,0.001854264,0.0263,1007,0.00001846,0.706814449,1007
18.88,538.597,539.298,1795322.599,7.089E+03,4.031E+00,1.060E+01,1.700E-01,11.57106977,0.001854261,0.0263,1007,0.00001846,0.706814449,1007
18.89,538.598,539.299,1795328.266,7.080E+03,4.029E+00,1.060E+01,1.697E-01,11.57108805,0.001854258,0.0263,1007,0.00001846,0.706814449,1007
18.9,538.600,539.300,1795333.923,7.071E+03,4.028E+00,1.059E+01,1.695E-01,11.57110631,0.001854255,0.0263,1007,0.00001846,0.706814449,1007
18.91,538.602,539.301,1795339.573,7.063E+03,4.027E+00,1.059E+01,1.692E-01,11.57112454,0.001854252,0.0263,1007,0.00001846,0.706814449,1007
18.92,538.604,539.302,1795345.214,7.054E+03,4.026E+00,1.059E+01,1.690E-01,11.57114274,0.001854249,0.0263,1007,0.00001846,0.706814449,1007
18.93,538.605,539.303,1795350.846,7.046E+03,4.025E+00,1.059E+01,1.687E-01,11.57116091,0.001854246,0.0263,1007,0.00001846,0.706814449,1007
18.94,538.607,539.303,1795356.47,7.037E+03,4.024E+00,1.058E+01,1.685E-01,11.57117906,0.001854244,0.0263,1007,0.00001846,0.706814449,1007
18.95,538.609,539.304,1795362.086,7.029E+03,4.023E+00,1.058E+01,1.682E-01,11.57119718,0.001854241,0.0263,1007,0.00001846,0.706814449,1007
18.96,538.610,539.305,1795367.693,7.020E+03,4.021E+00,1.058E+01,1.680E-01,11.57121527,0.001854238,0.0263,1007,0.00001846,0.706814449,1007
18.97,538.612,539.306,1795373.292,7.012E+03,4.020E+00,1.057E+01,1.677E-01,11.57123334,0.001854235,0.0263,1007,0.00001846,0.706814449,1007
18.98,538.614,539.307,1795378.883,7.003E+03,4.019E+00,1.057E+01,1.675E-01,11.57125138,0.001854232,0.0263,1007,0.00001846,0.706814449,1007
18.99,538.615,539.308,1795384.465,6.995E+03,4.018E+00,1.057E+01,1.672E-01,11.57126939,0.001854229,0.0263,1007,0.00001846,0.706814449,1007
19,538.617,539.309,1795390.039,6.986E+03,4.017E+00,1.056E+01,1.670E-01,11.57128738,0.001854226,0.0263,1007,0.00001846,0.706814449,1007
19.01,538.619,539.309,1795395.605,6.978E+03,4.016E+00,1.056E+01,1.667E-01,11.57130533,0.001854223,0.0263,1007,0.00001846,0.706814449,1007
19.02,538.620,539.310,1795401.162,6.970E+03,4.015E+00,1.056E+01,1.665E-01,11.57132327,0.001854221,0.0263,1007,0.00001846,0.706814449,1007
19.03,538.622,539.311,1795406.711,6.961E+03,4.014E+00,1.056E+01,1.662E-01,11.57134117,0.001854218,0.0263,1007,0.00001846,0.706814449,1007
19.04,538.624,539.312,1795412.252,6.953E+03,4.012E+00,1.055E+01,1.660E-01,11.57135905,0.001854215,0.0263,1007,0.00001846,0.706814449,1007
19.05,538.625,539.313,1795417.785,6.944E+03,4.011E+00,1.055E+01,1.657E-01,11.5713769,0.001854212,0.0263,1007,0.00001846,0.706814449,1007
19.06,538.627,539.313,1795423.309,6.936E+03,4.010E+00,1.055E+01,1.655E-01,11.57139472,0.001854209,0.0263,1007,0.00001846,0.706814449,1007
19.07,538.629,539.314,1795428.825,6.928E+03,4.009E+00,1.054E+01,1.652E-01,11.57141252,0.001854206,0.0263,1007,0.00001846,0.706814449,1007
19.08,538.630,539.315,1795434.333,6.919E+03,4.008E+00,1.054E+01,1.650E-01,11.5714303,0.001854203,0.0263,1007,0.00001846,0.706814449,1007
19.09,538.632,539.316,1795439.833,6.911E+03,4.007E+00,1.054E+01,1.647E-01,11.57144804,0.001854201,0.0263,1007,0.00001846,0.706814449,1007
19.1,538.634,539.317,1795445.325,6.903E+03,4.006E+00,1.053E+01,1.645E-01,11.57146576,0.001854198,0.0263,1007,0.00001846,0.706814449,1007
19.11,538.635,539.318,1795450.808,6.894E+03,4.005E+00,1.053E+01,1.643E-01,11.57148345,0.001854195,0.0263,1007,0.00001846,0.706814449,1007
19.12,538.637,539.318,1795456.283,6.886E+03,4.003E+00,1.053E+01,1.640E-01,11.57150112,0.001854192,0.0263,1007,0.00001846,0.706814449,1007
19.13,538.639,539.319,1795461.751,6.878E+03,4.002E+00,1.053E+01,1.638E-01,11.57151876,0.001854189,0.0263,1007,0.00001846,0.706814449,1007
19.14,538.640,539.320,1795467.21,6.870E+03,4.001E+00,1.052E+01,1.635E-01,11.57153637,0.001854186,0.0263,1007,0.00001846,0.706814449,1007
19.15,538.642,539.321,1795472.661,6.861E+03,4.000E+00,1.052E+01,1.633E-01,11.57155396,0.001854184,0.0263,1007,0.00001846,0.706814449,1007
19.16,538.643,539.322,1795478.104,6.853E+03,3.999E+00,1.052E+01,1.630E-01,11.57157152,0.001854181,0.0263,1007,0.00001846,0.706814449,1007
19.17,538.645,539.323,1795483.539,6.845E+03,3.998E+00,1.051E+01,1.628E-01,11.57158906,0.001854178,0.0263,1007,0.00001846,0.706814449,1007
19.18,538.647,539.323,1795488.965,6.837E+03,3.997E+00,1.051E+01,1.626E-01,11.57160657,0.001854175,0.0263,1007,0.00001846,0.706814449,1007
19.19,538.648,539.324,1795494.384,6.828E+03,3.996E+00,1.051E+01,1.623E-01,11.57162405,0.001854172,0.0263,1007,0.00001846,0.706814449,1007
19.2,538.650,539.325,1795499.795,6.820E+03,3.994E+00,1.051E+01,1.621E-01,11.57164151,0.00185417,0.0263,1007,0.00001846,0.706814449,1007
19.21,538.652,539.326,1795505.198,6.812E+03,3.993E+00,1.050E+01,1.618E-01,11.57165894,0.001854167,0.0263,1007,0.00001846,0.706814449,1007
19.22,538.653,539.327,1795510.592,6.804E+03,3.992E+00,1.050E+01,1.616E-01,11.57167634,0.001854164,0.0263,1007,0.00001846,0.706814449,1007
19.23,538.655,539.327,1795515.979,6.796E+03,3.991E+00,1.050E+01,1.614E-01,11.57169372,0.001854161,0.0263,1007,0.00001846,0.706814449,1007
19.24,538.656,539.328,1795521.358,6.788E+03,3.990E+00,1.049E+01,1.611E-01,11.57171108,0.001854159,0.0263,1007,0.00001846,0.706814449,1007
19.25,538.658,539.329,1795526.729,6.780E+03,3.989E+00,1.049E+01,1.609E-01,11.57172841,0.001854156,0.0263,1007,0.00001846,0.706814449,1007
19.26,538.660,539.330,1795532.092,6.771E+03,3.988E+00,1.049E+01,1.606E-01,11.57174571,0.001854153,0.0263,1007,0.00001846,0.706814449,1007
19.27,538.661,539.331,1795537.447,6.763E+03,3.987E+00,1.048E+01,1.604E-01,11.57176299,0.00185415,0.0263,1007,0.00001846,0.706814449,1007
19.28,538.663,539.331,1795542.794,6.755E+03,3.986E+00,1.048E+01,1.602E-01,11.57178024,0.001854147,0.0263,1007,0.00001846,0.706814449,1007
19.29,538.664,539.332,1795548.133,6.747E+03,3.984E+00,1.048E+01,1.599E-01,11.57179746,0.001854145,0.0263,1007,0.00001846,0.706814449,1007
19.3,538.666,539.333,1795553.464,6.739E+03,3.983E+00,1.048E+01,1.597E-01,11.57181466,0.001854142,0.0263,1007,0.00001846,0.706814449,1007
19.31,538.668,539.334,1795558.787,6.731E+03,3.982E+00,1.047E+01,1.595E-01,11.57183184,0.001854139,0.0263,1007,0.00001846,0.706814449,1007
19.32,538.669,539.335,1795564.103,6.723E+03,3.981E+00,1.047E+01,1.592E-01,11.57184899,0.001854137,0.0263,1007,0.00001846,0.706814449,1007
19.33,538.671,539.335,1795569.411,6.715E+03,3.980E+00,1.047E+01,1.590E-01,11.57186611,0.001854134,0.0263,1007,0.00001846,0.706814449,1007
19.34,538.672,539.336,1795574.71,6.707E+03,3.979E+00,1.046E+01,1.588E-01,11.57188321,0.001854131,0.0263,1007,0.00001846,0.706814449,1007
19.35,538.674,539.337,1795580.003,6.699E+03,3.978E+00,1.046E+01,1.585E-01,11.57190029,0.001854128,0.0263,1007,0.00001846,0.706814449,1007
19.36,538.676,539.338,1795585.287,6.691E+03,3.977E+00,1.046E+01,1.583E-01,11.57191733,0.001854126,0.0263,1007,0.00001846,0.706814449,1007
19.37,538.677,539.339,1795590.563,6.683E+03,3.976E+00,1.046E+01,1.581E-01,11.57193436,0.001854123,0.0263,1007,0.00001846,0.706814449,1007
19.38,538.679,539.339,1795595.832,6.675E+03,3.974E+00,1.045E+01,1.578E-01,11.57195136,0.00185412,0.0263,1007,0.00001846,0.706814449,1007
19.39,538.680,539.340,1795601.093,6.667E+03,3.973E+00,1.045E+01,1.576E-01,11.57196833,0.001854117,0.0263,1007,0.00001846,0.706814449,1007
19.4,538.682,539.341,1795606.346,6.659E+03,3.972E+00,1.045E+01,1.574E-01,11.57198528,0.001854115,0.0263,1007,0.00001846,0.706814449,1007
19.41,538.683,539.342,1795611.592,6.651E+03,3.971E+00,1.044E+01,1.571E-01,11.5720022,0.001854112,0.0263,1007,0.00001846,0.706814449,1007
19.42,538.685,539.343,1795616.829,6.643E+03,3.970E+00,1.044E+01,1.569E-01,11.5720191,0.001854109,0.0263,1007,0.00001846,0.706814449,1007
19.43,538.687,539.343,1795622.059,6.635E+03,3.969E+00,1.044E+01,1.567E-01,11.57203597,0.001854107,0.0263,1007,0.00001846,0.706814449,1007
19.44,538.688,539.344,1795627.282,6.627E+03,3.968E+00,1.044E+01,1.564E-01,11.57205282,0.001854104,0.0263,1007,0.00001846,0.706814449,1007
19.45,538.690,539.345,1795632.496,6.619E+03,3.967E+00,1.043E+01,1.562E-01,11.57206964,0.001854101,0.0263,1007,0.00001846,0.706814449,1007
19.46,538.691,539.346,1795637.703,6.612E+03,3.966E+00,1.043E+01,1.560E-01,11.57208644,0.001854099,0.0263,1007,0.00001846,0.706814449,1007
19.47,538.693,539.346,1795642.903,6.604E+03,3.964E+00,1.043E+01,1.558E-01,11.57210322,0.001854096,0.0263,1007,0.00001846,0.706814449,1007
19.48,538.694,539.347,1795648.094,6.596E+03,3.963E+00,1.042E+01,1.555E-01,11.57211997,0.001854093,0.0263,1007,0.00001846,0.706814449,1007
19.49,538.696,539.348,1795653.278,6.588E+03,3.962E+00,1.042E+01,1.553E-01,11.57213669,0.001854091,0.0263,1007,0.00001846,0.706814449,1007
19.5,538.698,539.349,1795658.455,6.580E+03,3.961E+00,1.042E+01,1.551E-01,11.57215339,0.001854088,0.0263,1007,0.00001846,0.706814449,1007
19.51,538.699,539.350,1795663.624,6.572E+03,3.960E+00,1.042E+01,1.548E-01,11.57217007,0.001854085,0.0263,1007,0.00001846,0.706814449,1007
19.52,538.701,539.350,1795668.785,6.565E+03,3.959E+00,1.041E+01,1.546E-01,11.57218672,0.001854083,0.0263,1007,0.00001846,0.706814449,1007
19.53,538.702,539.351,1795673.939,6.557E+03,3.958E+00,1.041E+01,1.544E-01,11.57220334,0.00185408,0.0263,1007,0.00001846,0.706814449,1007
19.54,538.704,539.352,1795679.085,6.549E+03,3.957E+00,1.041E+01,1.542E-01,11.57221995,0.001854077,0.0263,1007,0.00001846,0.706814449,1007
19.55,538.705,539.353,1795684.224,6.541E+03,3.956E+00,1.040E+01,1.539E-01,11.57223652,0.001854075,0.0263,1007,0.00001846,0.706814449,1007
19.56,538.707,539.353,1795689.355,6.533E+03,3.955E+00,1.040E+01,1.537E-01,11.57225308,0.001854072,0.0263,1007,0.00001846,0.706814449,1007
19.57,538.708,539.354,1795694.478,6.526E+03,3.954E+00,1.040E+01,1.535E-01,11.57226961,0.001854069,0.0263,1007,0.00001846,0.706814449,1007
19.58,538.710,539.355,1795699.594,6.518E+03,3.952E+00,1.039E+01,1.533E-01,11.57228611,0.001854067,0.0263,1007,0.00001846,0.706814449,1007
19.59,538.711,539.356,1795704.703,6.510E+03,3.951E+00,1.039E+01,1.530E-01,11.57230259,0.001854064,0.0263,1007,0.00001846,0.706814449,1007
19.6,538.713,539.356,1795709.804,6.502E+03,3.950E+00,1.039E+01,1.528E-01,11.57231905,0.001854061,0.0263,1007,0.00001846,0.706814449,1007
19.61,538.714,539.357,1795714.898,6.495E+03,3.949E+00,1.039E+01,1.526E-01,11.57233548,0.001854059,0.0263,1007,0.00001846,0.706814449,1007
19.62,538.716,539.358,1795719.984,6.487E+03,3.948E+00,1.038E+01,1.524E-01,11.57235189,0.001854056,0.0263,1007,0.00001846,0.706814449,1007
19.63,538.718,539.359,1795725.063,6.479E+03,3.947E+00,1.038E+01,1.521E-01,11.57236827,0.001854054,0.0263,1007,0.00001846,0.706814449,1007
19.64,538.719,539.360,1795730.134,6.472E+03,3.946E+00,1.038E+01,1.519E-01,11.57238463,0.001854051,0.0263,1007,0.00001846,0.706814449,1007
19.65,538.721,539.360,1795735.198,6.464E+03,3.945E+00,1.037E+01,1.517E-01,11.57240097,0.001854048,0.0263,1007,0.00001846,0.706814449,1007
19.66,538.722,539.361,1795740.254,6.456E+03,3.944E+00,1.037E+01,1.515E-01,11.57241728,0.001854046,0.0263,1007,0.00001846,0.706814449,1007
19.67,538.724,539.362,1795745.303,6.449E+03,3.943E+00,1.037E+01,1.513E-01,11.57243357,0.001854043,0.0263,1007,0.00001846,0.706814449,1007
19.68,538.725,539.363,1795750.345,6.441E+03,3.942E+00,1.037E+01,1.510E-01,11.57244983,0.00185404,0.0263,1007,0.00001846,0.706814449,1007
19.69,538.727,539.363,1795755.38,6.433E+03,3.940E+00,1.036E+01,1.508E-01,11.57246608,0.001854038,0.0263,1007,0.00001846,0.706814449,1007
19.7,538.728,539.364,1795760.407,6.426E+03,3.939E+00,1.036E+01,1.506E-01,11.57248229,0.001854035,0.0263,1007,0.00001846,0.706814449,1007
19.71,538.730,539.365,1795765.426,6.418E+03,3.938E+00,1.036E+01,1.504E-01,11.57249849,0.001854033,0.0263,1007,0.00001846,0.706814449,1007
19.72,538.731,539.366,1795770.439,6.411E+03,3.937E+00,1.035E+01,1.502E-01,11.57251466,0.00185403,0.0263,1007,0.00001846,0.706814449,1007
19.73,538.733,539.366,1795775.444,6.403E+03,3.936E+00,1.035E+01,1.499E-01,11.5725308,0.001854028,0.0263,1007,0.00001846,0.706814449,1007
19.74,538.734,539.367,1795780.442,6.395E+03,3.935E+00,1.035E+01,1.497E-01,11.57254692,0.001854025,0.0263,1007,0.00001846,0.706814449,1007
19.75,538.736,539.368,1795785.432,6.388E+03,3.934E+00,1.035E+01,1.495E-01,11.57256302,0.001854022,0.0263,1007,0.00001846,0.706814449,1007
19.76,538.737,539.369,1795790.415,6.380E+03,3.933E+00,1.034E+01,1.493E-01,11.5725791,0.00185402,0.0263,1007,0.00001846,0.706814449,1007
19.77,538.739,539.369,1795795.391,6.373E+03,3.932E+00,1.034E+01,1.491E-01,11.57259515,0.001854017,0.0263,1007,0.00001846,0.706814449,1007
19.78,538.740,539.370,1795800.36,6.365E+03,3.931E+00,1.034E+01,1.488E-01,11.57261118,0.001854015,0.0263,1007,0.00001846,0.706814449,1007
19.79,538.742,539.371,1795805.321,6.358E+03,3.930E+00,1.033E+01,1.486E-01,11.57262718,0.001854012,0.0263,1007,0.00001846,0.706814449,1007
19.8,538.743,539.372,1795810.276,6.350E+03,3.929E+00,1.033E+01,1.484E-01,11.57264317,0.00185401,0.0263,1007,0.00001846,0.706814449,1007
19.81,538.745,539.372,1795815.223,6.343E+03,3.927E+00,1.033E+01,1.482E-01,11.57265912,0.001854007,0.0263,1007,0.00001846,0.706814449,1007
19.82,538.746,539.373,1795820.163,6.335E+03,3.926E+00,1.033E+01,1.480E-01,11.57267506,0.001854004,0.0263,1007,0.00001846,0.706814449,1007
19.83,538.748,539.374,1795825.095,6.328E+03,3.925E+00,1.032E+01,1.478E-01,11.57269097,0.001854002,0.0263,1007,0.00001846,0.706814449,1007
19.84,538.749,539.375,1795830.021,6.320E+03,3.924E+00,1.032E+01,1.475E-01,11.57270686,0.001853999,0.0263,1007,0.00001846,0.706814449,1007
19.85,538.750,539.375,1795834.939,6.313E+03,3.923E+00,1.032E+01,1.473E-01,11.57272273,0.001853997,0.0263,1007,0.00001846,0.706814449,1007
19.86,538.752,539.376,1795839.85,6.306E+03,3.922E+00,1.032E+01,1.471E-01,11.57273857,0.001853994,0.0263,1007,0.00001846,0.706814449,1007
19.87,538.753,539.377,1795844.754,6.298E+03,3.921E+00,1.031E+01,1.469E-01,11.57275439,0.001853992,0.0263,1007,0.00001846,0.706814449,1007
19.88,538.755,539.377,1795849.651,6.291E+03,3.920E+00,1.031E+01,1.467E-01,11.57277019,0.001853989,0.0263,1007,0.00001846,0.706814449,1007
19.89,538.756,539.378,1795854.541,6.283E+03,3.919E+00,1.031E+01,1.465E-01,11.57278596,0.001853987,0.0263,1007,0.00001846,0.706814449,1007
19.9,538.758,539.379,1795859.424,6.276E+03,3.918E+00,1.030E+01,1.463E-01,11.57280171,0.001853984,0.0263,1007,0.00001846,0.706814449,1007
19.91,538.759,539.380,1795864.299,6.269E+03,3.917E+00,1.030E+01,1.461E-01,11.57281744,0.001853982,0.0263,1007,0.00001846,0.706814449,1007
19.92,538.761,539.380,1795869.168,6.261E+03,3.916E+00,1.030E+01,1.458E-01,11.57283314,0.001853979,0.0263,1007,0.00001846,0.706814449,1007
19.93,538.762,539.381,1795874.029,6.254E+03,3.915E+00,1.030E+01,1.456E-01,11.57284882,0.001853977,0.0263,1007,0.00001846,0.706814449,1007
19.94,538.764,539.382,1795878.884,6.246E+03,3.914E+00,1.029E+01,1.454E-01,11.57286448,0.001853974,0.0263,1007,0.00001846,0.706814449,1007
19.95,538.765,539.383,1795883.731,6.239E+03,3.912E+00,1.029E+01,1.452E-01,11.57288012,0.001853972,0.0263,1007,0.00001846,0.706814449,1007
19.96,538.767,539.383,1795888.572,6.232E+03,3.911E+00,1.029E+01,1.450E-01,11.57289573,0.001853969,0.0263,1007,0.00001846,0.706814449,1007
19.97,538.768,539.384,1795893.405,6.224E+03,3.910E+00,1.028E+01,1.448E-01,11.57291133,0.001853967,0.0263,1007,0.00001846,0.706814449,1007
19.98,538.769,539.385,1795898.232,6.217E+03,3.909E+00,1.028E+01,1.446E-01,11.57292689,0.001853964,0.0263,1007,0.00001846,0.706814449,1007
19.99,538.771,539.385,1795903.051,6.210E+03,3.908E+00,1.028E+01,1.444E-01,11.57294244,0.001853962,0.0263,1007,0.00001846,0.706814449,1007
20,538.772,539.386,1795907.863,6.203E+03,3.907E+00,1.028E+01,1.442E-01,11.57295796,0.001853959,0.0263,1007,0.00001846,0.706814449,1007
20.01,538.774,539.387,1795912.669,6.195E+03,3.906E+00,1.027E+01,1.440E-01,11.57297346,0.001853957,0.0263,1007,0.00001846,0.706814449,1007
20.02,538.775,539.388,1795917.467,6.188E+03,3.905E+00,1.027E+01,1.437E-01,11.57298894,0.001853954,0.0263,1007,0.00001846,0.706814449,1007
20.03,538.777,539.388,1795922.259,6.181E+03,3.904E+00,1.027E+01,1.435E-01,11.5730044,0.001853952,0.0263,1007,0.00001846,0.706814449,1007
20.04,538.778,539.389,1795927.044,6.174E+03,3.903E+00,1.026E+01,1.433E-01,11.57301983,0.001853949,0.0263,1007,0.00001846,0.706814449,1007
20.05,538.780,539.390,1795931.821,6.166E+03,3.902E+00,1.026E+01,1.431E-01,11.57303524,0.001853947,0.0263,1007,0.00001846,0.706814449,1007
20.06,538.781,539.390,1795936.592,6.159E+03,3.901E+00,1.026E+01,1.429E-01,11.57305063,0.001853944,0.0263,1007,0.00001846,0.706814449,1007
20.07,538.782,539.391,1795941.356,6.152E+03,3.900E+00,1.026E+01,1.427E-01,11.573066,0.001853942,0.0263,1007,0.00001846,0.706814449,1007
20.08,538.784,539.392,1795946.113,6.145E+03,3.899E+00,1.025E+01,1.425E-01,11.57308134,0.00185394,0.0263,1007,0.00001846,0.706814449,1007
20.09,538.785,539.393,1795950.863,6.137E+03,3.898E+00,1.025E+01,1.423E-01,11.57309667,0.001853937,0.0263,1007,0.00001846,0.706814449,1007
20.1,538.787,539.393,1795955.607,6.130E+03,3.897E+00,1.025E+01,1.421E-01,11.57311197,0.001853935,0.0263,1007,0.00001846,0.706814449,1007
20.11,538.788,539.394,1795960.343,6.123E+03,3.895E+00,1.025E+01,1.419E-01,11.57312724,0.001853932,0.0263,1007,0.00001846,0.706814449,1007
20.12,538.790,539.395,1795965.073,6.116E+03,3.894E+00,1.024E+01,1.417E-01,11.5731425,0.00185393,0.0263,1007,0.00001846,0.706814449,1007
20.13,538.791,539.395,1795969.796,6.109E+03,3.893E+00,1.024E+01,1.415E-01,11.57315773,0.001853927,0.0263,1007,0.00001846,0.706814449,1007
20.14,538.792,539.396,1795974.512,6.102E+03,3.892E+00,1.024E+01,1.413E-01,11.57317295,0.001853925,0.0263,1007,0.00001846,0.706814449,1007
20.15,538.794,539.397,1795979.221,6.095E+03,3.891E+00,1.023E+01,1.411E-01,11.57318814,0.001853922,0.0263,1007,0.00001846,0.706814449,1007
20.16,538.795,539.398,1795983.923,6.087E+03,3.890E+00,1.023E+01,1.409E-01,11.57320331,0.00185392,0.0263,1007,0.00001846,0.706814449,1007
20.17,538.797,539.398,1795988.619,6.080E+03,3.889E+00,1.023E+01,1.407E-01,11.57321845,0.001853918,0.0263,1007,0.00001846,0.706814449,1007
20.18,538.798,539.399,1795993.308,6.073E+03,3.888E+00,1.023E+01,1.405E-01,11.57323358,0.001853915,0.0263,1007,0.00001846,0.706814449,1007
20.19,538.799,539.400,1795997.99,6.066E+03,3.887E+00,1.022E+01,1.403E-01,11.57324868,0.001853913,0.0263,1007,0.00001846,0.706814449,1007
20.2,538.801,539.400,1796002.666,6.059E+03,3.886E+00,1.022E+01,1.401E-01,11.57326376,0.00185391,0.0263,1007,0.00001846,0.706814449,1007
20.21,538.802,539.401,1796007.334,6.052E+03,3.885E+00,1.022E+01,1.399E-01,11.57327882,0.001853908,0.0263,1007,0.00001846,0.706814449,1007
20.22,538.804,539.402,1796011.996,6.045E+03,3.884E+00,1.021E+01,1.397E-01,11.57329386,0.001853906,0.0263,1007,0.00001846,0.706814449,1007
20.23,538.805,539.402,1796016.652,6.038E+03,3.883E+00,1.021E+01,1.395E-01,11.57330887,0.001853903,0.0263,1007,0.00001846,0.706814449,1007
20.24,538.806,539.403,1796021.3,6.031E+03,3.882E+00,1.021E+01,1.393E-01,11.57332387,0.001853901,0.0263,1007,0.00001846,0.706814449,1007
20.25,538.808,539.404,1796025.942,6.024E+03,3.881E+00,1.021E+01,1.391E-01,11.57333884,0.001853898,0.0263,1007,0.00001846,0.706814449,1007
20.26,538.809,539.405,1796030.577,6.017E+03,3.880E+00,1.020E+01,1.389E-01,11.57335379,0.001853896,0.0263,1007,0.00001846,0.706814449,1007
20.27,538.811,539.405,1796035.206,6.010E+03,3.879E+00,1.020E+01,1.387E-01,11.57336872,0.001853894,0.0263,1007,0.00001846,0.706814449,1007
20.28,538.812,539.406,1796039.828,6.003E+03,3.878E+00,1.020E+01,1.385E-01,11.57338363,0.001853891,0.0263,1007,0.00001846,0.706814449,1007
20.29,538.813,539.407,1796044.443,5.996E+03,3.877E+00,1.020E+01,1.383E-01,11.57339851,0.001853889,0.0263,1007,0.00001846,0.706814449,1007
20.3,538.815,539.407,1796049.052,5.989E+03,3.875E+00,1.019E+01,1.381E-01,11.57341338,0.001853886,0.0263,1007,0.00001846,0.706814449,1007
20.31,538.816,539.408,1796053.654,5.982E+03,3.874E+00,1.019E+01,1.379E-01,11.57342822,0.001853884,0.0263,1007,0.00001846,0.706814449,1007
20.32,538.817,539.409,1796058.249,5.975E+03,3.873E+00,1.019E+01,1.377E-01,11.57344304,0.001853882,0.0263,1007,0.00001846,0.706814449,1007
20.33,538.819,539.409,1796062.838,5.968E+03,3.872E+00,1.018E+01,1.375E-01,11.57345784,0.001853879,0.0263,1007,0.00001846,0.706814449,1007
20.34,538.820,539.410,1796067.421,5.961E+03,3.871E+00,1.018E+01,1.373E-01,11.57347262,0.001853877,0.0263,1007,0.00001846,0.706814449,1007
20.35,538.822,539.411,1796071.996,5.954E+03,3.870E+00,1.018E+01,1.371E-01,11.57348738,0.001853875,0.0263,1007,0.00001846,0.706814449,1007
20.36,538.823,539.411,1796076.566,5.947E+03,3.869E+00,1.018E+01,1.369E-01,11.57350212,0.001853872,0.0263,1007,0.00001846,0.706814449,1007
20.37,538.824,539.412,1796081.128,5.940E+03,3.868E+00,1.017E+01,1.367E-01,11.57351684,0.00185387,0.0263,1007,0.00001846,0.706814449,1007
20.38,538.826,539.413,1796085.684,5.933E+03,3.867E+00,1.017E+01,1.365E-01,11.57353153,0.001853868,0.0263,1007,0.00001846,0.706814449,1007
20.39,538.827,539.414,1796090.234,5.926E+03,3.866E+00,1.017E+01,1.363E-01,11.57354621,0.001853865,0.0263,1007,0.00001846,0.706814449,1007
20.4,538.828,539.414,1796094.777,5.920E+03,3.865E+00,1.017E+01,1.361E-01,11.57356086,0.001853863,0.0263,1007,0.00001846,0.706814449,1007
20.41,538.830,539.415,1796099.314,5.913E+03,3.864E+00,1.016E+01,1.359E-01,11.57357549,0.001853861,0.0263,1007,0.00001846,0.706814449,1007
20.42,538.831,539.416,1796103.844,5.906E+03,3.863E+00,1.016E+01,1.357E-01,11.5735901,0.001853858,0.0263,1007,0.00001846,0.706814449,1007
20.43,538.833,539.416,1796108.367,5.899E+03,3.862E+00,1.016E+01,1.355E-01,11.57360469,0.001853856,0.0263,1007,0.00001846,0.706814449,1007
20.44,538.834,539.417,1796112.884,5.892E+03,3.861E+00,1.015E+01,1.353E-01,11.57361926,0.001853854,0.0263,1007,0.00001846,0.706814449,1007
20.45,538.835,539.418,1796117.395,5.885E+03,3.860E+00,1.015E+01,1.351E-01,11.57363381,0.001853851,0.0263,1007,0.00001846,0.706814449,1007
20.46,538.837,539.418,1796121.899,5.878E+03,3.859E+00,1.015E+01,1.349E-01,11.57364834,0.001853849,0.0263,1007,0.00001846,0.706814449,1007
20.47,538.838,539.419,1796126.397,5.872E+03,3.858E+00,1.015E+01,1.347E-01,11.57366285,0.001853847,0.0263,1007,0.00001846,0.706814449,1007
20.48,538.839,539.420,1796130.889,5.865E+03,3.857E+00,1.014E+01,1.345E-01,11.57367733,0.001853844,0.0263,1007,0.00001846,0.706814449,1007
20.49,538.841,539.420,1796135.374,5.858E+03,3.856E+00,1.014E+01,1.344E-01,11.5736918,0.001853842,0.0263,1007,0.00001846,0.706814449,1007
20.5,538.842,539.421,1796139.852,5.851E+03,3.855E+00,1.014E+01,1.342E-01,11.57370624,0.00185384,0.0263,1007,0.00001846,0.706814449,1007
20.51,538.843,539.422,1796144.324,5.845E+03,3.854E+00,1.014E+01,1.340E-01,11.57372067,0.001853837,0.0263,1007,0.00001846,0.706814449,1007
20.52,538.845,539.422,1796148.79,5.838E+03,3.853E+00,1.013E+01,1.338E-01,11.57373507,0.001853835,0.0263,1007,0.00001846,0.706814449,1007
20.53,538.846,539.423,1796153.25,5.831E+03,3.852E+00,1.013E+01,1.336E-01,11.57374945,0.001853833,0.0263,1007,0.00001846,0.706814449,1007
20.54,538.847,539.424,1796157.703,5.824E+03,3.851E+00,1.013E+01,1.334E-01,11.57376381,0.00185383,0.0263,1007,0.00001846,0.706814449,1007
20.55,538.849,539.424,1796162.149,5.818E+03,3.850E+00,1.012E+01,1.332E-01,11.57377816,0.001853828,0.0263,1007,0.00001846,0.706814449,1007
20.56,538.850,539.425,1796166.59,5.811E+03,3.849E+00,1.012E+01,1.330E-01,11.57379248,0.001853826,0.0263,1007,0.00001846,0.706814449,1007
20.57,538.851,539.426,1796171.024,5.804E+03,3.847E+00,1.012E+01,1.328E-01,11.57380678,0.001853824,0.0263,1007,0.00001846,0.706814449,1007
20.58,538.853,539.426,1796175.452,5.797E+03,3.846E+00,1.012E+01,1.326E-01,11.57382106,0.001853821,0.0263,1007,0.00001846,0.706814449,1007
20.59,538.854,539.427,1796179.873,5.791E+03,3.845E+00,1.011E+01,1.325E-01,11.57383532,0.001853819,0.0263,1007,0.00001846,0.706814449,1007
20.6,538.855,539.428,1796184.288,5.784E+03,3.844E+00,1.011E+01,1.323E-01,11.57384956,0.001853817,0.0263,1007,0.00001846,0.706814449,1007
20.61,538.857,539.428,1796188.697,5.777E+03,3.843E+00,1.011E+01,1.321E-01,11.57386378,0.001853814,0.0263,1007,0.00001846,0.706814449,1007
20.62,538.858,539.429,1796193.1,5.771E+03,3.842E+00,1.011E+01,1.319E-01,11.57387798,0.001853812,0.0263,1007,0.00001846,0.706814449,1007
20.63,538.859,539.430,1796197.496,5.764E+03,3.841E+00,1.010E+01,1.317E-01,11.57389216,0.00185381,0.0263,1007,0.00001846,0.706814449,1007
20.64,538.861,539.430,1796201.886,5.757E+03,3.840E+00,1.010E+01,1.315E-01,11.57390632,0.001853808,0.0263,1007,0.00001846,0.706814449,1007
20.65,538.862,539.431,1796206.27,5.751E+03,3.839E+00,1.010E+01,1.313E-01,11.57392045,0.001853805,0.0263,1007,0.00001846,0.706814449,1007
20.66,538.863,539.432,1796210.648,5.744E+03,3.838E+00,1.009E+01,1.311E-01,11.57393457,0.001853803,0.0263,1007,0.00001846,0.706814449,1007
20.67,538.865,539.432,1796215.019,5.737E+03,3.837E+00,1.009E+01,1.310E-01,11.57394867,0.001853801,0.0263,1007,0.00001846,0.706814449,1007
20.68,538.866,539.433,1796219.384,5.731E+03,3.836E+00,1.009E+01,1.308E-01,11.57396275,0.001853799,0.0263,1007,0.00001846,0.706814449,1007
20.69,538.867,539.434,1796223.743,5.724E+03,3.835E+00,1.009E+01,1.306E-01,11.57397681,0.001853796,0.0263,1007,0.00001846,0.706814449,1007
20.7,538.868,539.434,1796228.096,5.718E+03,3.834E+00,1.008E+01,1.304E-01,11.57399085,0.001853794,0.0263,1007,0.00001846,0.706814449,1007
20.71,538.870,539.435,1796232.443,5.711E+03,3.833E+00,1.008E+01,1.302E-01,11.57400487,0.001853792,0.0263,1007,0.00001846,0.706814449,1007
20.72,538.871,539.436,1796236.783,5.705E+03,3.832E+00,1.008E+01,1.300E-01,11.57401886,0.00185379,0.0263,1007,0.00001846,0.706814449,1007
20.73,538.872,539.436,1796241.118,5.698E+03,3.831E+00,1.008E+01,1.298E-01,11.57403284,0.001853787,0.0263,1007,0.00001846,0.706814449,1007
20.74,538.874,539.437,1796245.446,5.691E+03,3.830E+00,1.007E+01,1.297E-01,11.5740468,0.001853785,0.0263,1007,0.00001846,0.706814449,1007
20.75,538.875,539.437,1796249.768,5.685E+03,3.829E+00,1.007E+01,1.295E-01,11.57406074,0.001853783,0.0263,1007,0.00001846,0.706814449,1007
20.76,538.876,539.438,1796254.084,5.678E+03,3.828E+00,1.007E+01,1.293E-01,11.57407466,0.001853781,0.0263,1007,0.00001846,0.706814449,1007
20.77,538.878,539.439,1796258.394,5.672E+03,3.827E+00,1.007E+01,1.291E-01,11.57408856,0.001853779,0.0263,1007,0.00001846,0.706814449,1007
20.78,538.879,539.439,1796262.698,5.665E+03,3.826E+00,1.006E+01,1.289E-01,11.57410244,0.001853776,0.0263,1007,0.00001846,0.706814449,1007
20.79,538.880,539.440,1796266.995,5.659E+03,3.825E+00,1.006E+01,1.287E-01,11.5741163,0.001853774,0.0263,1007,0.00001846,0.706814449,1007
20.8,538.881,539.441,1796271.287,5.652E+03,3.824E+00,1.006E+01,1.286E-01,11.57413014,0.001853772,0.0263,1007,0.00001846,0.706814449,1007
20.81,538.883,539.441,1796275.572,5.646E+03,3.823E+00,1.005E+01,1.284E-01,11.57414396,0.00185377,0.0263,1007,0.00001846,0.706814449,1007
20.82,538.884,539.442,1796279.852,5.639E+03,3.822E+00,1.005E+01,1.282E-01,11.57415776,0.001853767,0.0263,1007,0.00001846,0.706814449,1007
20.83,538.885,539.443,1796284.125,5.633E+03,3.821E+00,1.005E+01,1.280E-01,11.57417154,0.001853765,0.0263,1007,0.00001846,0.706814449,1007
20.84,538.887,539.443,1796288.392,5.626E+03,3.820E+00,1.005E+01,1.278E-01,11.57418531,0.001853763,0.0263,1007,0.00001846,0.706814449,1007
20.85,538.888,539.444,1796292.654,5.620E+03,3.819E+00,1.004E+01,1.277E-01,11.57419905,0.001853761,0.0263,1007,0.00001846,0.706814449,1007
20.86,538.889,539.445,1796296.909,5.613E+03,3.818E+00,1.004E+01,1.275E-01,11.57421277,0.001853759,0.0263,1007,0.00001846,0.706814449,1007
20.87,538.890,539.445,1796301.158,5.607E+03,3.817E+00,1.004E+01,1.273E-01,11.57422648,0.001853757,0.0263,1007,0.00001846,0.706814449,1007
20.88,538.892,539.446,1796305.402,5.601E+03,3.816E+00,1.004E+01,1.271E-01,11.57424016,0.001853754,0.0263,1007,0.00001846,0.706814449,1007
20.89,538.893,539.446,1796309.639,5.594E+03,3.815E+00,1.003E+01,1.269E-01,11.57425383,0.001853752,0.0263,1007,0.00001846,0.706814449,1007
20.9,538.894,539.447,1796313.87,5.588E+03,3.814E+00,1.003E+01,1.268E-01,11.57426747,0.00185375,0.0263,1007,0.00001846,0.706814449,1007
20.91,538.895,539.448,1796318.095,5.581E+03,3.813E+00,1.003E+01,1.266E-01,11.5742811,0.001853748,0.0263,1007,0.00001846,0.706814449,1007
20.92,538.897,539.448,1796322.315,5.575E+03,3.812E+00,1.003E+01,1.264E-01,11.57429471,0.001853746,0.0263,1007,0.00001846,0.706814449,1007
20.93,538.898,539.449,1796326.528,5.569E+03,3.811E+00,1.002E+01,1.262E-01,11.57430829,0.001853743,0.0263,1007,0.00001846,0.706814449,1007
20.94,538.899,539.450,1796330.736,5.562E+03,3.810E+00,1.002E+01,1.260E-01,11.57432186,0.001853741,0.0263,1007,0.00001846,0.706814449,1007
20.95,538.900,539.450,1796334.937,5.556E+03,3.809E+00,1.002E+01,1.259E-01,11.57433541,0.001853739,0.0263,1007,0.00001846,0.706814449,1007
20.96,538.902,539.451,1796339.133,5.550E+03,3.808E+00,1.001E+01,1.257E-01,11.57434894,0.001853737,0.0263,1007,0.00001846,0.706814449,1007
20.97,538.903,539.451,1796343.323,5.543E+03,3.807E+00,1.001E+01,1.255E-01,11.57436245,0.001853735,0.0263,1007,0.00001846,0.706814449,1007
20.98,538.904,539.452,1796347.506,5.537E+03,3.806E+00,1.001E+01,1.253E-01,11.57437595,0.001853733,0.0263,1007,0.00001846,0.706814449,1007
20.99,538.906,539.453,1796351.684,5.531E+03,3.805E+00,1.001E+01,1.252E-01,11.57438942,0.00185373,0.0263,1007,0.00001846,0.706814449,1007
21,538.907,539.453,1796355.856,5.524E+03,3.804E+00,1.000E+01,1.250E-01,11.57440288,0.001853728,0.0263,1007,0.00001846,0.706814449,1007
21.01,538.908,539.454,1796360.023,5.518E+03,3.803E+00,1.000E+01,1.248E-01,11.57441631,0.001853726,0.0263,1007,0.00001846,0.706814449,1007
21.02,538.909,539.455,1796364.183,5.512E+03,3.802E+00,9.999E+00,1.246E-01,11.57442973,0.001853724,0.0263,1007,0.00001846,0.706814449,1007
21.03,538.911,539.455,1796368.337,5.505E+03,3.801E+00,9.996E+00,1.245E-01,11.57444312,0.001853722,0.0263,1007,0.00001846,0.706814449,1007
21.04,538.912,539.456,1796372.486,5.499E+03,3.800E+00,9.993E+00,1.243E-01,11.5744565,0.00185372,0.0263,1007,0.00001846,0.706814449,1007
21.05,538.913,539.456,1796376.629,5.493E+03,3.799E+00,9.991E+00,1.241E-01,11.57446986,0.001853718,0.0263,1007,0.00001846,0.706814449,1007
21.06,538.914,539.457,1796380.766,5.486E+03,3.798E+00,9.988E+00,1.239E-01,11.5744832,0.001853715,0.0263,1007,0.00001846,0.706814449,1007
21.07,538.915,539.458,1796384.897,5.480E+03,3.797E+00,9.986E+00,1.238E-01,11.57449653,0.001853713,0.0263,1007,0.00001846,0.706814449,1007
21.08,538.917,539.458,1796389.022,5.474E+03,3.796E+00,9.983E+00,1.236E-01,11.57450983,0.001853711,0.0263,1007,0.00001846,0.706814449,1007
21.09,538.918,539.459,1796393.142,5.468E+03,3.795E+00,9.980E+00,1.234E-01,11.57452312,0.001853709,0.0263,1007,0.00001846,0.706814449,1007
21.1,538.919,539.460,1796397.256,5.462E+03,3.794E+00,9.978E+00,1.232E-01,11.57453638,0.001853707,0.0263,1007,0.00001846,0.706814449,1007
21.11,538.920,539.460,1796401.364,5.455E+03,3.793E+00,9.975E+00,1.231E-01,11.57454963,0.001853705,0.0263,1007,0.00001846,0.706814449,1007
21.12,538.922,539.461,1796405.466,5.449E+03,3.792E+00,9.972E+00,1.229E-01,11.57456286,0.001853703,0.0263,1007,0.00001846,0.706814449,1007
21.13,538.923,539.461,1796409.562,5.443E+03,3.791E+00,9.970E+00,1.227E-01,11.57457607,0.001853701,0.0263,1007,0.00001846,0.706814449,1007
21.14,538.924,539.462,1796413.653,5.437E+03,3.790E+00,9.967E+00,1.226E-01,11.57458926,0.001853699,0.0263,1007,0.00001846,0.706814449,1007
21.15,538.925,539.463,1796417.738,5.431E+03,3.789E+00,9.965E+00,1.224E-01,11.57460243,0.001853696,0.0263,1007,0.00001846,0.706814449,1007